123.5833 39.9000 3.888888888888889
 105.9328 38.6086 5.185185185185185
 85.4810 37.2930 7.137931034482759
 118.3778 30.6992 3.392857142857143
 127.363808 36.37719 4.333333333333333
 121.0373 29.1451 0
 121.3262 29.8008 3.4814814814814814
 100.7683 26.6941 5.0
 87.5614 43.8653 3.0
 109.5276 18.7972 4.296296296296297
 119.0050 33.6147 0.27586206896551724
 107.7161 32.9101 5.392857142857143
 115.3320 28.5635 3.4074074074074074
 103.1866 26.0922 5.178571428571429
 103.2630 35.6275 6.076923076923077
 115.8480 27.4101 1.7857142857142858
 102.7500 26.8553 5.75
 112.3449 27.9915 4.428571428571429
 112.7273 31.1724 4.0344827586206895
 115.1700 23.7000 4.714285714285714
 116.7860 48.6518 4.5
 101.0140 22.7756 4.703703703703703
 120.7400 37.9100 3.7857142857142856
 113.7208 37.5690 5.321428571428571
 97.963226 19.31485 2.230769230769231
 109.7197 34.4009 5.107142857142857
 115.1331 40.1572 3.36
 114.6600 38.3500 0.15384615384615385
 103.8845 37.5356 4.846153846153846
 89.0320 44.9010 2.357142857142857
 116.1100 39.8600 3.642857142857143
 85.7680 46.7700 5.333333333333333
 119.7600 25.5000 0.21428571428571427
 121.7641 41.5991 4.296296296296297
 132.1489 46.3296 4.6
 118.854401 32.051701 1.9130434782608696
 113.3483 40.2723 3.36
 124.0923 50.3185 3.5384615384615383
 108.3847 30.2444 4.413793103448276
 121.9200 37.1800 2.8620689655172415
 115.8500 37.4400 0
 120.6677 27.9271 3.730769230769231
 119.2378 34.3094 3.3448275862068964
 106.3313 38.1011 1.0
 120.5100 37.5500 3.5925925925925926
 134.2750 48.3550 4.038461538461538
 103.5336 28.8405 5.571428571428571
 90.5139 45.2839 6.821428571428571
 114.3700 27.8090 3.896551724137931
 128.1060 42.4100 0.15384615384615385
 121.6853 31.8364 1.5
 127.3964 35.421299 2.142857142857143
 118.5689 31.6927 3.4827586206896552
 112.470001 34.549999 4.454545454545454
 103.145699 18.063459 0.9090909090909091
 88.8300 33.2000 4.083333333333333
 117.5450 43.2445 5.3076923076923075
 116.5602 40.3944 2.75
 116.0817 40.1017 3.25
 116.8300 40.4700 4.777777777777778
 115.5600 38.4900 0.38461538461538464
 110.4280 41.7100 4.592592592592593
 114.3538 30.5429 4.620689655172414
 116.4500 25.0300 0.14285714285714285
 123.9000 42.2667 4.576923076923077
 117.7500 41.9300 4.076923076923077
 114.0120 32.1326 4.214285714285714
 100.1475 24.4348 5.214285714285714
 112.0054 27.7291 1.8148148148148149
 107.5781 23.3277 4.620689655172414
 145.798508 15.23166 1.4761904761904763
 121.297096 23.3925 5.107142857142857
 112.0258 40.9650 2.7916666666666665
 116.4400 39.2300 0.15384615384615385
 131.0911 44.0572 4.4
 119.6578 31.0865 3.7142857142857144
 117.2370 39.1094 0.21428571428571427
 103.8444 36.0833 5.407407407407407
 115.0445 27.0635 3.5
 110.5500 21.9300 4.035714285714286
 123.0134 41.1054 3.888888888888889
 113.3900 31.6300 4.428571428571429
 113.3600 24.1300 4.407407407407407
 116.8400 38.3400 0.21428571428571427
 116.6200 41.2200 4.2592592592592595
 135.398666 35.285671 2.0
 111.9400 22.4200 3.423076923076923
 114.6900 37.1300 0
 106.9940 32.9890 5.884615384615385
 122.0900 37.5100 0
 120.0952 30.8423 3.6551724137931036
 103.5876 31.4790 5.928571428571429
 118.0800 24.4500 3.7142857142857144
 143.153503 42.018501 5.583333333333333
 118.9600 24.9800 2.888888888888889
 145.716202 16.358 0.5454545454545454
 107.9883 23.7489 5.2592592592592595
 116.8300 40.1500 0
 120.7780 51.2719 4.964285714285714
 126.6640 43.7278 4.777777777777778
 98.5197 25.0289 5.185185185185185
 110.7186 32.5968 2.5517241379310347
 116.3200 39.5200 0.1
 113.0557 39.0518 5.142857142857143
 110.9300 22.3500 5.068965517241379
 121.4600 50.7800 4.464285714285714
 120.2228 31.5253 3.7241379310344827
 103.5752 25.4273 5.071428571428571
 107.8265 29.1881 4.392857142857143
 120.3031 32.0658 3.206896551724138
 106.5565 23.8951 3.7037037037037037
 118.5200 27.9100 4.230769230769231
 115.0628 38.8639 4.260869565217392
 120.629601 23.300501 4.769230769230769
 101.5276 21.4259 6.392857142857143
 114.4414 40.6530 3.1666666666666665
 122.3663 40.4133 3.8214285714285716
 119.4300 32.7300 1.9333333333333333
 106.7670 34.9390 5.555555555555555
 98.5925 24.4245 6.535714285714286
 117.124001 36.209999 4.086956521739131
 121.0803 28.4149 4.3076923076923075
 119.5428 31.7342 3.0
 111.3667 36.0883 3.6296296296296298
 107.9215 35.5609 3.8
 103.1877 27.8097 3.3703703703703702
 116.9842 31.3480 3.4285714285714284
 127.9748 36.873001 3.888888888888889
 116.0900 38.4500 0.21428571428571427
 112.3360 38.6870 3.814814814814815
 117.4610 39.6108 0.3076923076923077
 105.7580 36.0877 5.04
 128.1740 41.4200 2.5652173913043477
 113.7200 22.8800 2.142857142857143
 117.7930 39.2414 0.3076923076923077
 100.5309 39.0915 3.6363636363636362
 104.4311 31.6380 5.107142857142857
 117.0000 40.0500 0
 115.3700 22.7900 3.892857142857143
 116.0800 35.8100 4.7407407407407405
 85.6869 43.9172 5.714285714285714
 116.7900 33.9817 4.103448275862069
 117.5560 38.7497 0.21428571428571427
 112.4700 34.5500 4.571428571428571
 104.0902 37.1903 5.269230769230769
 116.6400 40.6300 3.8
 114.0500 36.4300 4.655172413793103
 116.2300 40.2500 3.4827586206896552
 99.816704 39.400002 6.9523809523809526
 98.6411 40.3907 4.962962962962963
 102.3972 36.5514 6.333333333333333
 95.3759 37.9324 5.142857142857143
 105.7713 35.5309 4.32
 117.1990 39.2719 4.428571428571429
 111.6160 31.3919 3.259259259259259
 106.1701 35.9639 4.185185185185185
 106.6811 35.4508 4.884615384615385
 102.7613 37.6210 3.740740740740741
 127.1400 42.9492 3.814814814814815
 103.757797 30.91 4.818181818181818
 121.2592 30.7922 2.0
 101.5356 25.0293 3.5925925925925926
 100.1512 26.5490 5.25
 121.079903 22.817699 4.695652173913044
 115.0428 40.4783 3.875
 127.5940 41.9478 3.5238095238095237
 120.3600 33.7400 1.4137931034482758
 115.8940 30.1350 3.103448275862069
 102.1214 36.9182 6.32
 118.9800 42.3000 4.892857142857143
 116.0100 29.6474 4.0344827586206895
 112.5782 37.3671 3.9642857142857144
 112.6898 29.6463 3.5
 122.7716 42.5846 4.148148148148148
 117.2800 23.2600 4.2105263157894735
 100.373436 20.228928 0.7647058823529411
 119.2667 33.2625 2.5
 117.6700 38.0100 3.3636363636363638
 108.6101 23.9483 4.142857142857143
 115.7280 27.9325 3.1785714285714284
 103.3606 34.6711 3.6296296296296298
 118.1564 33.5444 3.206896551724138
 118.9800 37.1200 0.3076923076923077
 116.1400 24.3200 4.464285714285714
 122.3490 53.4550 4.684210526315789
 104.0200 34.4307 6.62962962962963
 122.8821 47.5374 4.25
 109.4935 18.2040 3.6296296296296298
 114.141502 22.277599 5.3076923076923075
 93.0142 43.5233 6.25
 114.3082 38.2482 3.125
 110.0633 35.4067 3.740740740740741
 145.789093 15.24082 2.3181818181818183
 115.7000 23.4300 3.5357142857142856
 112.0416 32.0025 4.0
 119.4735 39.8254 3.0952380952380953
 97.7412 39.7003 4.642857142857143
 106.2827 37.3032 4.115384615384615
 130.8286 47.5960 2.923076923076923
 98.519997 25.028999 0
 119.9192 32.4092 2.103448275862069
 116.1600 37.8600 0.14285714285714285
 116.7500 35.1000 3.9310344827586206
 108.7340 40.7398 4.555555555555555
 102.7475 25.1483 5.678571428571429
 106.5730 29.4222 3.642857142857143
 120.4000 36.0600 2.8620689655172415
 117.1420 31.8240 4.172413793103448
 111.8990 36.6099 3.1481481481481484
 117.0100 23.4300 4.538461538461538
 117.3700 39.3958 0.3076923076923077
 88.1276 47.8842 6.214285714285714
 115.5600 38.0100 0.1
 111.564003 40.849998 4.909090909090909
 114.1577 39.9550 4.384615384615385
 116.2400 39.9100 1.6956521739130435
 128.9560 44.0620 4.045454545454546
 119.2000 35.7500 3.5172413793103448
 107.8170 34.1283 4.461538461538462
 119.7400 49.2700 4.375
 120.1120 43.8630 4.222222222222222
 106.0829 37.6962 5.407407407407407
 106.8402 30.4163 5.0344827586206895
 116.8039 32.6335 3.75
 116.0800 43.9000 3.1153846153846154
 107.2852 34.0707 4.8076923076923075
 86.5520 48.2310 6.321428571428571
 118.0200 40.3900 4.62962962962963
 115.6080 24.9954 1.6428571428571428
 121.1399 41.0754 3.962962962962963
 109.7469 28.1483 3.896551724137931
 118.3892 34.3808 3.1379310344827585
 120.2600 27.1200 3.925925925925926
 101.4000 37.4716 7.037037037037037
 84.1670 42.0220 4.62962962962963
 120.0200 33.3700 2.107142857142857
 116.4534 38.8469 0.3333333333333333
 128.5647 47.6345 2.5925925925925926
 110.7542 19.6656 2.923076923076923
 101.1918 36.6562 5.407407407407407
 110.9500 36.7000 3.1923076923076925
 113.2374 40.1416 4.75
 130.2364 47.3528 3.962962962962963
 111.4100 35.5800 3.7037037037037037
 115.8138 39.6611 3.0416666666666665
 129.2854 46.4763 5.666666666666667
 102.1726 30.1173 4.964285714285714
 126.3930 42.3517 3.217391304347826
 105.0500 34.6611 4.518518518518518
 105.3365 30.0521 5.642857142857143
 102.5424 27.3839 5.481481481481482
 114.5630 29.0397 3.7241379310344827
 107.4325 33.2532 4.785714285714286
 124.3903 40.1457 3.2962962962962963
 105.7168 38.8461 5.2592592592592595
 114.4900 41.4000 4.8
 103.5703 28.2722 6.111111111111111
 123.7797 41.2670 3.3703703703703702
 121.0000 37.2200 3.36
 137.029007 35.349998 4.863636363636363
 119.2900 25.7000 3.4615384615384617
 138.257172 38.040001 3.5
 130.4650 42.6423 3.2222222222222223
 118.6300 35.7900 2.8275862068965516
 117.4400 49.5545 3.9642857142857144
 115.4930 40.0836 3.52
 117.0300 25.1300 0.8148148148148148
 108.2172 34.5697 4.148148148148148
 110.2167 32.2497 3.896551724137931
 110.1667 34.5200 5.321428571428571
 94.8314 40.0401 4.444444444444445
 118.8544 32.0517 1.896551724137931
 118.0577 31.7696 2.7241379310344827
 102.7475 25.1483 4.785714285714286
 116.2470 28.2122 3.1923076923076925
 116.2100 40.5700 4.538461538461538
 145.786255 15.22511 2.15
 118.5900 24.9400 3.4444444444444446
 137.354172 35.604 3.5
 102.2481 36.0737 5.37037037037037
 117.4800 27.3300 4.428571428571429
 131.223663 25.81983 1.5833333333333333
 105.3612 31.2120 5.592592592592593
 112.4800 16.3600 2.2083333333333335
 118.9578 30.1433 3.892857142857143
 120.9100 38.3900 3.392857142857143
 117.9200 41.0200 4.384615384615385
 116.5600 40.0000 0.46153846153846156
 121.594704 24.1738 5.44
 114.9000 40.8300 4.931034482758621
 112.7733 30.4497 0
 118.5000 37.4700 0.21428571428571427
 114.9500 36.6200 0.2
 105.4136 28.8724 3.740740740740741
 85.8500 44.2000 4.481481481481482
 114.6300 36.3400 0.07142857142857142
 118.8500 35.1700 4.25
 117.2544 40.1397 3.25
 121.1483 31.0783 2.5172413793103448
 103.844398 36.087002 5.761904761904762
 111.0100 22.0500 3.6785714285714284
 117.7100 41.3200 3.5
 123.9500 41.8300 1.5357142857142858
 118.1900 26.6200 4.777777777777778
 102.9434 26.9095 4.607142857142857
 111.5673 24.4258 5.482758620689655
 111.7971 30.2010 0.20689655172413793
 113.2400 34.6100 3.2142857142857144
 119.9500 47.1700 2.9615384615384617
 109.2125 21.6525 4.857142857142857
 109.4267 35.0583 4.703703703703703
 116.2100 23.8200 2.607142857142857
 115.1551 31.1315 3.5172413793103448
 119.3823 41.2187 3.5357142857142856
 114.1400 22.5500 3.25
 108.6461 31.9627 3.6206896551724137
 117.1330 39.5806 0.23076923076923078
 112.3900 24.8000 4.793103448275862
 117.1000 38.0600 0.08333333333333333
 105.2441 37.5857 4.846153846153846
 119.0100 25.4500 3.8076923076923075
 106.6968 38.8074 0.6666666666666666
 116.4800 33.3500 4.137931034482759
 122.6520 48.0293 5.25
 116.5100 23.1300 2.1785714285714284
 119.5200 35.4200 3.3793103448275863
 121.375702 24.6695 4.379310344827586
 121.0939 29.9534 3.6666666666666665
 104.1025 30.2009 5.1923076923076925
 126.0230 48.5968 0.07692307692307693
 110.2795 19.8530 2.5416666666666665
 115.8400 40.9100 4.333333333333333
 113.3502 37.0993 4.214285714285714
 118.8600 27.3600 4.296296296296297
 119.6590 45.4689 2.5357142857142856
 117.1000 36.2500 4.068965517241379
 99.6110 38.8414 7.148148148148148
 116.6500 40.2100 0.3076923076923077
 107.9466 21.6718 4.777777777777778
 115.3700 39.3500 3.5357142857142856
 114.5500 38.0300 0.07692307692307693
 101.8607 25.6894 4.214285714285714
 89.4410 42.9760 3.230769230769231
 102.1739 28.3326 4.428571428571429
 121.4353 31.2186 0.23076923076923078
 121.1419 31.0578 2.2222222222222223
 119.9200 26.3500 3.3703703703703702
 123.9167 41.8833 4.214285714285714
 112.8000 21.7100 3.923076923076923
 123.0310 44.7918 0.15384615384615385
 120.1052 29.8938 4.333333333333333
 122.0300 46.0400 3.8214285714285716
 133.876328 33.731499 3.909090909090909
 104.1302 36.5809 5.086956521739131
 84.6408 44.1231 5.392857142857143
 109.4951 30.2763 2.4482758620689653
 103.3885 24.4058 6.535714285714286
 127.6181 46.5840 4.6
 117.1200 25.7200 4.2592592592592595
 110.3800 21.3900 3.4074074074074074
 109.1454 34.9740 3.3703703703703702
 128.252502 38.2686 3.0
 107.2705 36.5896 5.1923076923076925
 99.2454 24.0357 4.428571428571429
 116.1940 29.2563 2.0
 115.8700 34.9400 0.2857142857142857
 86.6531 43.7133 3.3076923076923075
 106.9167 28.8750 4.107142857142857
 107.0540 41.0947 5.0
 123.7635 45.5980 0.3076923076923077
 117.9158 41.0153 4.291666666666667
 100.8615 27.7143 6.37037037037037
 104.6811 32.9516 6.461538461538462
 118.9100 26.3800 4.730769230769231
 115.0100 35.7700 0.07142857142857142
 117.3230 38.8325 0.21428571428571427
 112.5400 23.1800 3.5
 127.3810 42.2576 3.52
 119.3700 26.0100 4.481481481481482
 118.1100 26.0400 3.888888888888889
 119.2425 34.6414 3.1724137931034484
 99.2585 23.1364 3.6785714285714284
 111.8900 29.3900 0.23076923076923078
 113.0769 28.8044 1.9642857142857142
 120.9500 31.3900 2.3448275862068964
 116.0300 36.4300 0.07142857142857142
 115.5231 40.4406 4.8
 109.8400 19.0300 5.607142857142857
 117.8591 33.5576 3.103448275862069
 101.3209 14.31523 1.875
 85.4570 44.6590 0.14285714285714285
 109.9957 18.4998 3.074074074074074
 100.229324 18.498913 0.2222222222222222
 117.4300 23.7100 4.851851851851852
 117.5200 25.0100 4.28
 117.1800 26.9100 3.642857142857143
 114.0500 36.8100 4.666666666666667
 119.4472 32.1483 3.6206896551724137
 104.9917 33.3606 5.846153846153846
 115.2200 37.5200 0.14285714285714285
 114.3900 37.4500 4.0
 124.0040 45.0061 0.15384615384615385
 123.2595 40.2745 3.7857142857142856
 125.4500 43.8000 4.074074074074074
 113.2980 33.7116 3.7586206896551726
 114.8030 26.3652 1.9642857142857142
 113.6500 23.6500 3.4074074074074074
 114.1200 31.4986 2.642857142857143
 84.8149 45.6565 6.071428571428571
 122.2555 41.3148 0.46153846153846156
 101.1814 35.8714 4.961538461538462
 115.9222 39.6881 3.782608695652174
 145.673401 16.3417 1.0
 110.3661 25.2911 4.857142857142857
 119.2200 36.3700 4.071428571428571
 118.4300 39.2500 0.23076923076923078
 109.6107 31.4010 3.4814814814814814
 116.4100 39.8900 0
 106.6599 39.2830 4.576923076923077
 95.5008 41.0901 6.269230769230769
 93.4144 38.8189 5.896551724137931
 87.6853 43.4569 5.2592592592592595
 110.3239 19.6700 4.111111111111111
 105.5597 32.2054 4.461538461538462
 101.6973 36.9439 6.814814814814815
 109.1010 21.0306 3.52
 114.9750 25.7903 1.6071428571428572
 121.9874 39.6298 3.357142857142857
 110.5567 29.3510 2.103448275862069
 113.2130 35.2675 4.0344827586206895
 109.9951 27.1145 4.620689655172414
 113.6400 36.5500 4.428571428571429
 103.2234 22.7825 4.821428571428571
 117.3440 39.0272 0.42857142857142855
 108.4608 36.2504 4.111111111111111
 116.5010 31.7150 3.8214285714285716
 117.0980 39.0283 0.2857142857142857
 120.9660 40.7219 3.3333333333333335
 112.5189 26.9203 4.321428571428571
 127.4100 50.2530 5.035714285714286
 107.7175 31.3738 4.0344827586206895
 116.0859 31.4361 0.5172413793103449
 133.113663 35.001831 4.090909090909091
 103.1596 23.3535 4.535714285714286
 122.0667 30.5833 2.076923076923077
 112.4360 37.7123 4.928571428571429
 115.3940 25.1430 5.107142857142857
 117.1900 26.3500 4.5
 116.1700 40.0200 4.107142857142857
 114.4600 24.3600 5.076923076923077
 114.3700 38.5300 3.5833333333333335
 112.7410 37.9294 3.24
 141.446167 42.84267 3.75
 101.9749 36.2682 5.72
 106.8273 29.8583 5.178571428571429
 113.8389 29.8160 4.107142857142857
 124.5349 43.1997 4.407407407407407
 101.3330 38.7713 5.925925925925926
 103.7895 29.0526 5.333333333333333
 111.0010 38.9549 3.6538461538461537
 115.2700 24.1000 3.4642857142857144
 141.064667 40.789501 5.666666666666667
 114.2960 36.0841 0.21428571428571427
 108.9242 34.0317 4.321428571428571
 111.9500 21.8600 3.6296296296296298
 114.6400 33.6600 0.14285714285714285
 118.9831 34.9433 2.857142857142857
 98.7412 39.3907 6.0
 115.9700 39.6900 4.068965517241379
 119.0400 40.1400 4.321428571428571
 113.8381 34.0304 0.35714285714285715
 113.7450 33.1334 4.241379310344827
 117.4700 40.4100 4.846153846153846
 128.6508 46.0847 4.708333333333333
 109.1251 35.3920 4.185185185185185
 88.5767 43.5250 5.615384615384615
 121.7556 31.0475 0.4583333333333333
 110.5990 20.0869 3.0
 120.8476 30.3831 3.9642857142857144
 104.1357 26.0881 3.6296296296296298
 104.2911 24.8856 5.642857142857143
 117.5030 38.9298 0
 127.410004 50.252998 5.681818181818182
 121.627998 38.905998 3.8095238095238093
 112.1688 31.1191 4.551724137931035
 123.011299 24.467199 3.185185185185185
 117.0210 39.2050 0.14285714285714285
 117.2190 39.1708 0.5
 117.9800 35.5200 2.7142857142857144
 120.1140 30.2665 3.4642857142857144
 100.7351 23.5019 5.892857142857143
 120.6987 41.7833 4.2592592592592595
 111.5254 32.5527 3.8275862068965516
 117.6300 24.4700 0.21428571428571427
 120.7147 31.6700 3.6551724137931036
 117.1050 38.7781 0.07692307692307693
 112.4490 35.1629 4.689655172413793
 118.6900 34.9500 3.4827586206896552
 112.3230 28.5771 4.16
 118.2300 25.3400 3.576923076923077
 140.190674 36.230831 3.3333333333333335
 111.6734 39.8988 3.9642857142857144
 106.3005 34.9316 3.7777777777777777
 129.396332 34.5275 3.3333333333333335
 98.8518 25.8317 5.777777777777778
 116.8800 39.8300 3.7777777777777777
 118.3278 39.7522 2.875
 107.5175 24.0293 4.896551724137931
 102.7643 30.0735 7.142857142857143
 117.4960 40.0764 3.7142857142857144
 124.5889 41.7679 4.555555555555555
 120.6589 32.4989 0.8888888888888888
 111.8440 40.3762 5.148148148148148
 102.0114 37.8314 5.615384615384615
 125.7170 42.2860 3.4
 107.3540 22.3734 5.172413793103448
 119.5422 34.4981 3.3793103448275863
 109.7110 32.3240 3.3333333333333335
 122.6300 43.3000 3.392857142857143
 111.9228 43.6860 4.481481481481482
 118.9900 39.2300 0.16666666666666666
 101.1993 26.5871 6.0
 117.2610 29.2754 4.035714285714286
 103.5689 30.8692 5.142857142857143
 117.3756 31.4727 2.2413793103448274
 115.4180 31.7905 3.7586206896551726
 119.4800 27.4000 4.884615384615385
 114.7100 37.4000 3.7241379310344827
 124.6672 52.3361 3.0
 119.0169 31.3531 3.9655172413793105
 129.5900 44.6200 4.84
 103.1346 28.3274 4.964285714285714
 116.3093 39.9459 1.2758620689655173
 117.3690 39.2292 0.14285714285714285
 116.1400 23.2900 3.107142857142857
 114.4200 23.2400 4.25
 114.9797 39.5103 3.769230769230769
 102.7598 23.6504 6.035714285714286
 98.0709 24.0851 4.7407407407407405
 130.3245 46.7325 5.16
 119.2833 33.7717 0.7586206896551724
 99.9475 26.1088 3.607142857142857
 123.5780 41.8278 4.115384615384615
 115.8839 31.6889 4.0
 117.3100 37.2000 0.3076923076923077
 116.3310 26.2987 3.9642857142857144
 105.9016 31.0183 5.777777777777778
 110.5075 38.8559 4.518518518518518
 108.7292 19.0655 4.074074074074074
 118.0500 34.8500 4.448275862068965
 104.7024 23.1284 5.592592592592593
 128.272507 26.836 3.375
 101.8392 35.9929 5.84
 104.9000 25.0400 2.0714285714285716
 108.8821 30.3718 4.275862068965517
 112.2700 33.1400 3.3448275862068964
 129.8660 49.0412 4.642857142857143
 117.3400 24.4000 3.269230769230769
 106.664001 26.459999 5.5
 109.8740 33.5124 5.111111111111111
 102.2528 26.6530 4.538461538461538
 115.1124 30.0227 3.2413793103448274
 131.8099 45.6263 3.576923076923077
 114.3100 37.1200 3.642857142857143
 121.6000 36.9200 3.0357142857142856
 113.6100 34.7100 0.35714285714285715
 108.3234 33.3253 5.607142857142857
 113.1800 36.2244 3.5714285714285716
 103.7578 30.9100 4.857142857142857
 121.8329 29.8873 0.14285714285714285
 138.182999 34.67767 1.4615384615384615
 108.1512 22.8911 3.0714285714285716
 105.3497 27.2435 5.36
 117.6761 40.1919 3.4583333333333335
 108.7958 29.5639 4.448275862068965
 108.4607 30.7520 3.9655172413793105
 111.4603 28.8770 2.1481481481481484
 99.1466 25.1180 7.178571428571429
 128.4996 44.3312 4.64
 113.0030 38.4300 4.964285714285714
 120.8877 30.7802 3.0714285714285716
 112.9460 36.6677 3.4285714285714284
 111.6000 21.7500 3.857142857142857
 119.4189 31.3489 3.857142857142857
 115.1800 37.1300 0.14285714285714285
 88.8280 38.9730 6.296296296296297
 119.7975 30.4478 2.9642857142857144
 103.4542 29.5767 5.6923076923076925
 112.3693 40.0235 4.260869565217392
 106.8392 39.6645 5.444444444444445
 114.7800 37.7500 2.3333333333333335
 102.7881 24.1128 5.071428571428571
 105.6202 23.6249 5.035714285714286
 115.8217 41.6645 3.625
 112.8067 39.2289 3.6923076923076925
 89.6300 46.9700 5.888888888888889
 117.2750 39.7319 3.6923076923076925
 130.452667 31.509331 2.5454545454545454
 105.9504 31.7070 5.296296296296297
 87.2300 31.8000 6.105263157894737
 111.6169 26.2224 3.7777777777777777
 120.4853 41.5733 3.75
 121.7042 29.2458 3.8846153846153846
 113.5700 22.2700 2.892857142857143
 118.3067 34.0500 1.8275862068965518
 117.0100 35.3800 3.8620689655172415
 145.791718 15.23389 2.272727272727273
 102.9115 35.0100 6.8076923076923075
 122.4200 37.1700 4.448275862068965
 123.4880 48.1703 3.5555555555555554
 107.1680 24.9823 4.172413793103448
 106.6640 26.4590 5.888888888888889
 114.8170 24.7694 2.1785714285714284
 100.2322 26.8956 5.777777777777778
 108.3242 34.0553 5.038461538461538
 99.121246 14.39476 2.3846153846153846
 121.5202 29.9837 4.444444444444445
 103.2304 34.0601 5.653846153846154
 122.8900 46.7313 2.9615384615384617
 113.2910 35.6906 4.862068965517241
 110.0034 19.5968 2.84
 98.2104 39.8114 6.851851851851852
 121.3900 37.5200 2.962962962962963
 113.3600 22.4900 2.25
 126.5120 41.3621 3.8846153846153846
 114.9600 38.2400 0.2857142857142857
 129.4890 43.0029 3.7037037037037037
 109.3756 34.1128 5.0
 113.7208 39.6684 3.740740740740741
 118.388199 24.4638 4.777777777777778
 110.6462 34.8389 3.7037037037037037
 111.5600 40.8700 4.642857142857143
 107.4372 37.7785 5.148148148148148
 100.0689 23.8785 4.0
 117.2480 39.9100 0.9259259259259259
 104.5456 31.0045 5.75
 108.6364 22.2764 4.407407407407407
 110.4238 18.8007 3.357142857142857
 111.4500 27.2121 4.5
 116.6400 23.6700 3.2142857142857144
 106.3393 35.4863 6.037037037037037
 101.7247 36.6278 4.851851851851852
 99.6984 27.8232 6.037037037037037
 126.3685 41.9452 3.52
 112.8800 22.2700 3.3214285714285716
 119.4700 25.2200 4.37037037037037
 100.1818 38.1497 6.269230769230769
 117.1276 40.5371 2.8260869565217392
 101.5125 28.9958 6.75
 121.6283 38.9062 3.7857142857142856
 116.0936 38.9594 0.3
 124.9070 44.0894 2.48
 139.813797 33.115299 2.5
 115.8031 32.9460 0.2857142857142857
 109.1808 19.2478 5.1923076923076925
 116.6300 23.4200 4.1923076923076925
 127.1581 46.9717 4.181818181818182
 117.1920 38.6606 0.2857142857142857
 106.8510 27.7663 4.321428571428571
 125.6740 43.5389 4.64
 105.6008 36.5012 5.615384615384615
 118.0020 39.2433 2.3846153846153846
 119.1136 31.6464 2.25
 108.8132 27.2121 2.7
 117.4600 38.3900 0.21428571428571427
 121.1353 32.4014 1.9285714285714286
 115.8000 28.7700 4.206896551724138
 88.1732 42.2682 5.076923076923077
 106.8002 33.2293 6.04
 111.0480 40.7279 3.75
 115.2700 41.9000 4.037037037037037
 112.5563 29.5498 0
 106.1395 33.3568 5.16
 116.2704 31.3487 3.793103448275862
 128.4036 45.3377 4.703703703703703
 117.9760 28.4434 3.8518518518518516
 110.4319 32.9864 4.214285714285714
 115.6800 39.9600 4.071428571428571
 114.1610 26.5618 3.5
 117.2974 32.9055 3.103448275862069
 117.9700 34.5200 3.3793103448275863
 120.8622 29.4818 4.076923076923077
 116.6250 28.8260 3.1923076923076925
 124.7120 42.7420 4.8
 114.0210 39.3823 4.607142857142857
 119.5600 26.6800 4.538461538461538
 113.652496 23.6525 4.2727272727272725
 111.7060 41.5191 4.821428571428571
 108.0800 41.3000 3.4615384615384617
 104.2363 33.2573 6.074074074074074
 106.7445 31.8408 5.357142857142857
 106.0206 34.3425 5.185185185185185
 113.3500 23.0900 3.6666666666666665
 105.0701 35.6911 3.5555555555555554
 118.7719 34.5050 2.689655172413793
 102.8131 30.3715 5.714285714285714
 119.8769 40.8286 4.071428571428571
 88.0878 43.8886 6.892857142857143
 105.7613 33.7312 3.888888888888889
 118.4130 29.4695 3.7142857142857144
 103.3205 36.8013 5.7407407407407405
 101.624397 17.509279 0.2608695652173913
 119.0635 27.6164 4.185185185185185
 114.3100 38.0000 2.2962962962962963
 118.4600 34.7000 4.037037037037037
 101.6776 27.4669 5.68
 118.4900 33.0700 2.2413793103448274
 129.112503 35.2486 5.285714285714286
 113.1520 40.9968 3.75
 118.2625 32.8106 2.6206896551724137
 117.7380 39.3750 0.15384615384615385
 113.0300 22.5700 3.413793103448276
 95.9215 39.4908 5.32
 126.7519 44.7636 3.1
 104.6729 31.7925 3.5925925925925926
 108.1300 28.2200 4.068965517241379
 84.2750 45.5639 3.3333333333333335
 101.9780 23.5659 5.384615384615385
 116.5760 27.5393 4.037037037037037
 113.4410 35.4475 3.689655172413793
 117.5240 39.7581 0.3076923076923077
 113.5059 26.7951 3.2413793103448274
 117.7600 35.9500 3.3461538461538463
 110.6413 19.8887 3.4285714285714284
 102.2596 27.8486 3.7857142857142856
 117.8190 30.9246 2.9655172413793105
 105.4431 29.3793 4.571428571428571
 90.7300 46.4910 4.8076923076923075
 125.9980 41.6971 4.0
 118.9000 35.5400 3.9310344827586206
 121.1860 31.1000 3.793103448275862
 107.8064 34.6766 4.814814814814815
 120.9033 31.0775 0.1724137931034483
 104.7361 28.6396 3.5714285714285716
 126.917099 37.4939 4.5
 124.7821 40.7410 4.185185185185185
 121.1770 47.9734 2.6666666666666665
 99.8167 39.4000 7.0
 102.2239 31.9039 7.037037037037037
 106.7512 22.1301 3.4827586206896552
 121.5333 31.5833 0.2413793103448276
 107.9860 26.5438 1.65
 124.5637 48.4844 3.1481481481481484
 111.2418 37.5290 5.178571428571429
 116.6300 24.7000 3.6
 116.5700 39.7900 2.466666666666667
 103.9276 29.7939 4.962962962962963
 103.6031 32.6497 5.0
 104.2518 23.4076 4.769230769230769
 100.2540 25.6093 3.9285714285714284
 111.2100 21.6500 3.142857142857143
 87.6950 43.6544 3.9642857142857144
 109.6180 23.0553 4.925925925925926
 123.3468 42.5083 3.2222222222222223
 118.3778 29.7061 3.185185185185185
 107.4375 29.7263 4.074074074074074
 113.8348 36.0614 3.4642857142857144
 125.1490 42.9476 4.111111111111111
 111.2111 30.2136 2.6785714285714284
 118.0540 43.6221 4.625
 122.6032 40.6835 4.148148148148148
 101.7425 26.5033 5.571428571428571
 118.9000 40.4200 4.407407407407407
 111.0400 34.0183 4.607142857142857
 125.3538 41.2788 3.814814814814815
 102.4478 27.8622 5.925925925925926
 111.3155 30.7836 5.25
 102.4497 25.5408 3.357142857142857
 110.8654 33.5180 3.896551724137931
 87.1790 46.9930 3.2857142857142856
 107.1860 22.8385 5.571428571428571
 124.7600 45.2517 0
 116.3500 35.4000 3.3448275862068964
 107.2325 29.9050 4.714285714285714
 114.4106 29.7158 3.689655172413793
 117.1500 39.1344 0.21428571428571427
 112.2500 21.7100 2.607142857142857
 120.2008 28.9621 3.7777777777777777
 111.9509 38.0411 4.481481481481482
 102.3579 30.9950 5.96
 118.8750 41.7251 4.107142857142857
 124.9286 42.0788 3.1481481481481484
 118.4900 36.4100 2.5172413793103448
 116.3000 37.4500 0.21428571428571427
 110.7240 31.9381 4.448275862068965
 120.954002 23.7876 4.423076923076923
 117.5170 39.0528 0.2857142857142857
 118.0100 27.7500 3.9615384615384617
 126.8100 42.3723 3.96
 118.2801 32.2855 2.7586206896551726
 119.8890 42.2545 3.892857142857143
 102.9647 33.5815 4.666666666666667
 124.0450 44.2781 0
 125.260002 43.48 3.4
 110.2616 19.3633 3.576923076923077
 117.7540 39.5686 0.07692307692307693
 109.8800 40.7400 3.857142857142857
 100.7382 22.0194 5.6923076923076925
 114.5390 35.6618 4.379310344827586
 98.8953 37.2491 6.142857142857143
 109.6189 19.5337 4.185185185185185
 108.8115 18.6977 5.111111111111111
 108.7528 34.7089 5.3076923076923075
 112.2500 36.1600 3.8846153846153846
 102.1102 38.3907 6.222222222222222
 85.8100 41.8899 6.464285714285714
 117.1658 34.2314 2.9310344827586206
 110.4762 19.2217 4.407407407407407
 115.9700 40.3400 4.655172413793103
 121.3200 36.8200 2.9642857142857144
 114.0200 38.3700 2.5925925925925926
 109.0372 32.6698 4.0
 105.2029 37.2490 3.576923076923077
 102.5242 32.8130 4.0
 112.3000 24.0400 3.793103448275862
 116.1420 31.3400 0.5185185185185185
 119.1200 36.7000 0
 114.5800 38.1500 0.23076923076923078
 104.5482 32.4157 5.285714285714286
 116.079002 43.900002 2.8
 109.2124 34.3523 3.4642857142857144
 111.5135 39.4516 4.071428571428571
 114.1500 38.0300 3.7037037037037037
 140.789673 37.868999 4.666666666666667
 104.3979 29.5717 5.222222222222222
 99.5796 22.3365 5.185185185185185
 94.0020 41.9440 4.607142857142857
 103.2504 39.0700 5.666666666666667
 120.8906 31.9517 2.689655172413793
 119.8467 32.8886 0.6956521739130435
 116.2164 31.3986 0.42857142857142855
 110.8704 19.9578 3.111111111111111
 102.0096 35.5191 5.851851851851852
 117.2170 40.3072 3.5
 99.629448 9.16634 0.7142857142857143
 130.876694 33.125 3.0
 113.5800 24.8600 4.068965517241379
 117.3820 38.6325 5.0
 122.4507 30.7055 3.2142857142857144
 106.1967 32.1771 3.896551724137931
 120.4942 31.2892 2.0689655172413794
 115.7740 25.6063 3.6785714285714284
 122.2555 40.9883 0.25
 97.3775 37.3807 5.5
 122.8678 42.0709 4.148148148148148
 116.6900 39.6200 4.285714285714286
 128.0700 42.0700 2.6538461538461537
 115.6060 29.0832 4.037037037037037
 99.9206 22.5524 5.407407407407407
 115.0900 35.9000 0.14285714285714285
 142.593002 44.118801 2.5714285714285716
 102.4976 35.8625 4.04
 123.2833 41.2667 2.4814814814814814
 117.7430 39.1294 0.15384615384615385
 102.7842 36.3687 4.8076923076923075
 111.2367 35.1200 3.107142857142857
 116.8610 38.9408 0.14285714285714285
 127.4030 45.7390 3.4814814814814814
 114.5900 23.7200 4.928571428571429
 114.6400 23.7800 2.8214285714285716
 126.1361 48.6718 4.607142857142857
 114.353897 30.542801 4.782608695652174
 119.2708 29.4817 3.7037037037037037
 117.0200 30.5800 4.172413793103448
 113.2300 23.5200 3.0
 90.7138 37.8664 5.25
 83.1670 46.9380 5.071428571428571
 118.8256 28.6961 4.44
 111.7198 38.7784 4.678571428571429
 116.4264 40.0811 0.2222222222222222
 118.7300 26.3700 0.2857142857142857
 101.4500 36.3553 4.56
 115.6400 34.4600 0.35714285714285715
 118.9447 32.5150 2.5172413793103448
 112.4070 35.4424 2.892857142857143
 142.184494 27.095699 3.2142857142857144
 114.1833 35.1500 0.2857142857142857
 102.0601 34.0200 3.6785714285714284
 123.578003 41.827801 4.428571428571429
 122.2068 45.5543 2.9615384615384617
 109.2810 22.4202 4.586206896551724
 103.0408 30.0748 5.642857142857143
 116.3447 39.7506 0.2
 119.0962 39.7585 3.625
 116.5956 40.8994 2.4347826086956523
 100.96875 16.573481 3.3125
 119.1000 39.7600 3.3076923076923075
 108.0215 24.6729 3.2413793103448274
 87.0606 43.6378 6.925925925925926
 109.4323 19.8082 4.37037037037037
 105.2277 32.5932 5.576923076923077
 117.4689 32.6442 4.535714285714286
 128.1980 43.3440 3.3333333333333335
 90.2959 43.8086 5.535714285714286
 114.3640 25.3908 1.8928571428571428
 120.7200 36.9900 3.4444444444444446
 111.0000 21.4400 2.6206896551724137
 118.4700 40.5900 4.44
 102.9867 32.0637 4.615384615384615
 116.9000 34.8000 0.13793103448275862
 101.3164 25.7268 2.607142857142857
 103.7179 27.3221 4.821428571428571
 116.8530 38.7697 0.42857142857142855
 110.2312 37.4946 4.037037037037037
 110.0213 29.9036 4.931034482758621
 109.3254 36.8721 4.0
 120.8820 44.5462 2.607142857142857
 110.3151 19.9499 3.0
 114.4200 36.7500 4.586206896551724
 116.3500 25.8400 0.42857142857142855
 114.4000 37.6600 3.3703703703703702
 88.8700 29.2300 6.607142857142857
 99.3717 25.8854 6.642857142857143
 110.2150 19.9285 2.5185185185185186
 110.1730 22.6351 5.142857142857143
 104.2315 28.1117 5.035714285714286
 112.9300 28.1819 3.3448275862068964
 113.7131 40.0845 4.296296296296297
 119.6304 27.9805 0.07142857142857142
 102.3495 29.2260 6.285714285714286
 131.0930 46.6589 4.72
 122.1165 30.0378 3.923076923076923
 110.8421 31.2600 4.275862068965517
 121.5993 42.0528 3.75
 104.5156 28.1789 5.607142857142857
 102.1440 24.7002 6.222222222222222
 99.792877 12.47263 0.7619047619047619
 140.1113 39.9555 4.6923076923076925
 139.1485 34.2056 2.6666666666666665
 136.5747 34.3739 4.294117647058823
 92.3206 34.2187 4.95
 132.0018 34.3403 4.6875
 138.1209 35.8363 4.9375
 114.3000 22.0600 2.4705882352941178
 111.3200 34.8000 3.814814814814815
 144.9944 44.0563 5.428571428571429
 140.5833 38.2585 5.214285714285714
 136.3382 35.1847 4.764705882352941
 131.3875 32.8179 4.533333333333333
 97.1700 31.1400 5.555555555555555
 128.083237 41.994331 0
 140.1406 42.3928 3.533333333333333
 128.7572 32.7177 3.9411764705882355
 128.198044 41.970928 0
 99.8089 35.5070 6.041666666666667
 141.2286 42.9672 3.8
 142.9384 44.3218 5.333333333333333
 130.2530 33.5052 4.2
 132.8200 33.1781 4.333333333333333
 132.8862 35.1942 3.875
 101.2719 27.9324 5.444444444444445
 145.711502 16.3412 0.6666666666666666
 135.1604 35.6570 4.411764705882353
 135.3478 34.1656 5.066666666666666
 98.2081 34.9199 5.846153846153846
 134.4554 34.0606 4.133333333333334
 139.7740 32.4508 2.875
 129.7237 32.8870 4.25
 140.8777 37.2246 4.357142857142857
 143.7084 43.7625 5.533333333333333
 138.9443 35.5096 4.375
 137.0257 37.4021 4.733333333333333
 139.4206 36.6342 4.333333333333333
 140.2445 36.9267 5.285714285714286
 91.7500 29.8500 5.357142857142857
 104.612198 17.1476 0.16666666666666666
 141.3831 41.1016 4.0
 94.3400 29.6700 5.035714285714286
 124.1789 24.4119 5.333333333333333
 139.4501 37.9683 4.214285714285714
 133.4691 33.8272 3.1333333333333333
 143.6711 42.9298 5.533333333333333
 128.9159 49.0813 4.538461538461538
 131.2321 31.8931 4.117647058823529
 127.3038 26.2328 4.785714285714286
 128.2153 26.7567 4.538461538461538
 97.5 31.0 0
 99.7917 28.9417 5.44
 95.8000 40.5167 5.518518518518518
 128.621964 41.938141 0
 136.6303 36.2017 4.5
 139.8024 33.1048 4.0625
 112.5109 40.5411 4.52
 100.2484 34.4782 6.111111111111111
 132.9319 33.9734 4.0625
 131.0790 45.7422 3.260869565217391
 142.1961 27.0983 4.647058823529412
 100.7270 32.9486 6.458333333333333
 140.5097 40.4689 5.8
 98.944328 18.813829 3.4285714285714284
 113.0397 25.8187 4.086956521739131
 129.2065 34.1359 4.411764705882353
 135.5706 34.8635 4.294117647058823
 111.2339 23.4808 4.555555555555555
 126.0780 42.9501 3.48
 91.1200 29.7100 5.785714285714286
 138.5143 37.2977 4.5625
 104.1000 35.0400 3.3076923076923075
 95.3169 32.8943 6.16
 101.0117 30.0344 6.814814814814815
 98.1195 36.2822 6.0
 98.6707 27.7449 5.423076923076923
 138.4303 37.9046 5.142857142857143
 141.5833 40.1217 3.9285714285714284
 123.0070 24.4550 4.529411764705882
 144.4851 42.9820 5.066666666666666
 90.3900 28.9700 5.6923076923076925
 130.3486 31.9698 4.0
 138.0628 34.8738 5.071428571428571
 142.0849 44.8017 4.933333333333334
 97.0155 33.0119 6.296296296296297
 94.814499 36.198399 7.190476190476191
 130.9151 32.6063 3.5
 131.0364 34.2835 4.333333333333333
 133.3049 36.2553 4.529411764705882
 137.3622 35.2239 4.928571428571429
 138.4181 35.2307 4.294117647058823
 141.5932 39.3772 5.0
 103.906708 21.325247 5.090909090909091
 114.6600 23.7400 4.555555555555555
 141.5301 38.9762 5.357142857142857
 129.3001 28.1571 4.176470588235294
 142.9625 42.2391 4.857142857142857
 120.0978 31.7725 3.5
 134.0367 33.5795 4.666666666666667
 130.9093 31.1945 4.470588235294118
 135.4899 33.6782 4.933333333333334
 106.7488 25.4249 3.0625
 130.4099 30.3781 3.8823529411764706
 94.8145 36.1984 6.962962962962963
 128.1740 42.1882 0
 134.4594 35.0887 4.9411764705882355
 91.0700 30.5300 5.925925925925926
 135.8907 33.8652 4.933333333333334
 120.455002 17.552 2.5
 106.0552 26.1518 5.6
 90.1500 29.4300 6.1923076923076925
 133.5325 34.7682 4.25
 138.9822 36.1557 4.4
 95.8297 34.1709 4.428571428571429
 100.0185 31.6101 5.56
 138.9938 34.9166 4.0625
 145.7379 43.3673 3.4
 142.4145 42.8208 4.6
 145.779495 16.700199 0.16666666666666666
 131.3062 33.4701 4.625
 117.0400 36.6400 3.235294117647059
 137.1781 35.7168 5.133333333333334
 128.791214 41.945759 1.0
 114.6500 23.6600 4.111111111111111
 91.7500 29.2200 6.035714285714286
 145.673401 16.3417 1.2307692307692308
 92.885201 20.1332 2.5
 140.0898 36.2141 4.285714285714286
 108.923698 34.0313 5.538461538461538
 100.2694 30.0004 6.125
 100.9799 32.2687 5.8
 109.4944 30.276199 5.785714285714286
 109.844498 19.0291 7.181818181818182
 102.739998 25.123301 6.7272727272727275
 129.590805 44.617001 4.666666666666667
 116.1679 40.018299 4.928571428571429
 142.184494 27.095699 2.8333333333333335
 123.9005 43.6881 0.45454545454545453
 119.741402 49.270401 5.785714285714286
 121.190804 31.094801 4.076923076923077
 92.0900 31.4500 5.7272727272727275
 99.045258 19.932478 0.8571428571428571
 142.593002 44.118801 1.9
 142.760406 46.958698 2.9
 113.9500 36.1900 3.6666666666666665
 91.126999 29.7031 5.785714285714286
 107.0532 47.865101 5.6923076923076925
 92.25 32.25 0
 87.704903 43.813801 8.846153846153847
 158.649902 53.0233 5.6
 103.643799 51.680698 7.0
 119.8300 34.9200 3.25
 145.751907 15.2149 2.6
 129.680496 62.030998 5.615384615384615
 92.885201 20.1332 8.0
 108.481499 11.952 4.4
 114.3700 37.7900 3.347826086956522
 105.469498 15.2773 2.4375
 140.4107 41.1619 0
 128.559906 46.460899 1.6666666666666667
 120.576103 45.534599 3.6666666666666665
 102.352654 12.74415 1.4545454545454546
 120.635803 46.176399 3.25
 116.163902 45.535301 4.25
 127.879501 46.119099 2.6666666666666665
 133.5802 47.581402 1.0
 125.959297 46.897598 3.0
 118.806297 45.513599 3.75
 129.674393 43.391399 3.3333333333333335
 132.831406 46.514999 3.0
 121.460403 46.1698 2.6666666666666665
 125.0522 46.879002 2.6666666666666665
 125.9701 45.4855 3.3333333333333335
 118.801102 46.2132 2.5
 130.535095 45.462399 3.3333333333333335
 130.547607 43.337502 2.3333333333333335
 127.615402 43.593201 2.3333333333333335
 116.958199 43.402802 1.75
 127.193199 47.701401 1.75
 121.568298 44.185902 2.3333333333333335
 120.704201 45.004101 2.5
 126.654198 43.074501 1.0
 131.668396 47.602501 3.0
 116.123001 43.307301 2.5
 122.410301 42.8204 1.6666666666666667
 128.0569 47.065601 3.6666666666666665
 117.885803 42.926399 3.0
 130.531998 46.214699 3.0
 133.655807 45.994301 0.6666666666666666
 122.430199 46.926998 3.5
 118.1474 48.1744 2.5
 133.287399 47.0196 3.6666666666666665
 125.579102 7.0697 3.6666666666666665
 140.109695 36.2108 4.166666666666667
 121.5467 42.682201 2.75
 118.150002 42.378399 2.5
 125.833801 47.570999 2.75
 129.7948 46.946201 2.3333333333333335
 127.816101 42.7654 1.6666666666666667
 124.318398 43.458599 2.6666666666666665
 123.258499 44.122898 2.0
 125.961098 44.095901 2.6666666666666665
 126.915199 46.185501 2.0
 132.525604 47.2994 1.0
 118.803398 43.425098 1.25
 128.742905 45.342098 3.3333333333333335
 120.286499 47.493698 3.0
 119.708298 44.773499 2.3333333333333335
 120.731903 46.926498 3.5
 121.738998 44.879601 2.3333333333333335
 124.142601 45.491001 2.3333333333333335
 119.693199 42.8913 2.25
 122.349998 44.109501 2.25
 121.1213 46.5853 4.0
 122.619797 45.733601 2.3333333333333335
 129.6008 44.107601 1.0
 129.736496 45.106998 3.0
 124.207298 46.1539 2.75
 123.583298 45.262798 1.0
 118.027702 45.444199 3.75
 121.495003 43.388401 2.0
 117.053398 44.131599 1.75
 130.543304 44.853298 3.0
 127.598297 44.9049 3.0
 129.805496 47.600899 0.6666666666666666
 129.689499 45.825802 3.0
 126.056297 46.207199 3.0
 117.916901 44.0928 2.75
 131.201401 45.295898 3.0
 128.336899 43.7882 1.0
 119.954498 44.3083 0.75
 132.497299 45.9207 3.0
 131.426697 46.1078 2.6666666666666665
 117.915298 46.170898 2.25
 119.6819 46.247601 3.25
 124.994904 47.605701 0.25
 123.343498 46.896 2.75
 122.845398 44.897301 2.0
 131.9207 46.778099 2.0
 123.222801 45.5075 2.5
 128.710907 44.814999 2.6666666666666665
 124.205902 46.893101 2.3333333333333335
 123.727097 44.837399 1.5
 116.634697 46.069698 3.5
 117.070099 42.670799 3.5
 123.286797 42.9786 1.75
 118.771896 42.902401 2.25
 117.814003 44.786499 2.0
 122.507797 46.349701 2.5
 116.081703 42.696098 3.75
 128.753006 43.393002 0.6666666666666666
 115.991798 44.849098 3.5
 121.941498 47.665401 0
 132.599396 47.6744 3.0
 120.584 42.525398 2.25
 127.080704 43.7146 2.6666666666666665
 119.300697 47.605301 3.75
 128.738495 42.744099 0.3333333333333333
 130.556595 44.060501 3.0
 124.978302 44.583199 2.3333333333333335
 121.292 47.562302 2.5
 125.0896 46.1856 2.3333333333333335
 127.988297 47.6717 4.0
 116.110802 42.006599 3.0
 125.339798 44.355202 3.0
 120.602997 43.372501 2.3333333333333335
 124.052597 42.859901 2.0
 125.969704 44.801102 1.0
 115.956299 44.240002 3.0
 143.157196 42.014999 0
 142.203003 27.056999 3.75
 127.910698 44.334702 3.0
 118.763199 44.783798 3.0
 125.217796 42.456402 2.3333333333333335
 128.811996 47.227402 0.3333333333333333
 128.940308 43.117699 2.3333333333333335
 124.036697 47.648602 2.75
 124.540398 44.8055 2.6666666666666665
 119.677299 43.370701 2.0
 118.983902 44.061798 1.6666666666666667
 121.4953 45.4249 1.6666666666666667
 121.514397 46.785599 2.5
 145.645996 16.365299 1.0
 100.606758 13.6684 0.6
 128.318344 41.966301 0
 115.4400 35.2500 0
 117.062798 44.802502 2.3333333333333335
 110.1760 20.5812 0
 117.0494 41.997002 0
 120.579697 16.410801 6.166666666666667
 126.914398 44.060101 2.0
 126.877502 45.493198 0
 126.6297 47.312 0
 123.2892 46.168098 0
 