136.5974 33.8399 372.28 3.686 4.481 -8.167 3.099 -10.590 -9.464 16 0 0 200708010815A
141.8059 46.8397 3.08 201.507 -8.845 -192.661 -8.042 -44.757 -25.758 16 0 0 200708020237A
140.7738 42.0852 123.31 12.723 -19.377 6.654 -12.559 -16.059 -8.230 16 0 0 200708220726A
122.3377 24.2287 54.69 25.998 -1.530 -24.468 4.242 6.362 -9.054 17 0 0 200709061751A
146.9502 43.4511 39.28 39.788 -14.067 -25.720 -1.455 -3.179 -19.035 16 0 0 200710081710A
141.24 30.02 83.08 28.094 4.977 -33.072 -33.513 21.832 -55.973 16 0 0 200712070047A
142.3646 38.4043 40.64 105.304 -7.123 -98.182 47.818 102.177 -35.647 16 0 0 200712251404A
142.8 26.72 15.27 19.803 2.201 -22.004 6.622 25.386 -4.612 17 0 0 200802270654A
146.67 43.12 48.97 5.570 1.383 -6.953 7.390 2.704 -6.462 16 0 0 200803130841A
143.0 26.88 11.10 94.619 9.232 -103.850 14.495 98.681 -2.986 16 0 0 200803142232A
140.1701 39.0921 167.57 -2.936 9.872 -6.936 19.740 54.306 19.959 16 0 0 200804161919A
141.8656 36.1291 21.33 14.621 -1.621 -12.999 6.488 17.601 -4.863 17 0 0 200805071602A
141.9639 36.122 21.03 102.705 -5.506 -97.199 42.171 100.912 -27.162 16 0 0 200805071616A
141.61 36.18 26.31 11.636 -2.137 -9.499 6.518 16.322 -4.893 18 0 0 200805071645A
131.9614 42.5081 527.93 2.410 11.801 -14.211 10.284 -24.080 25.096 16 0 0 200805191008A
139.1478 41.6007 201.80 103.892 -101.147 -2.745 -45.139 -300.048 -254.497 15 0 0 200806041703A
140.85 39.03 7.81 24.349 -2.371 -21.979 -1.694 -3.140 -5.436 18 0 0 200806132343A
142.762 41.8796 52.74 12.394 -2.552 -9.843 3.895 7.384 -4.852 16 0 0 200806252337A
137.37 45.1167 324.95 -17.351 36.114 -18.762 83.791 -2.332 -61.503 16 0 0 200806292053A
128.6363 27.3384 46.55 8.170 -2.720 -5.449 3.358 3.424 -5.063 17 0 0 200807080742A
142.425 37.4718 21.70 15.046 -1.932 -13.114 9.726 23.560 -5.688 18 0 0 200807190239A
139.5883 27.8149 485.03 -29.479 39.404 -9.925 38.453 -41.419 -11.724 16 0 0 200807202130A
142.2759 37.1675 26.88 5.707 -1.173 -4.534 3.566 6.797 -2.307 17 0 0 200807211130A
141.51 39.73 98.82 -12.715 3.879 8.836 -1.092 14.738 1.615 18 0 0 200807231526A
144.0254 41.8448 14.50 8.859 -3.671 -5.188 10.459 17.816 -5.990 18 0 0 200809110020A
140.5017 41.4685 145.11 -20.793 19.176 1.616 -5.800 14.828 22.345 16 0 0 200809220731A
138.88 30.21 393.77 -24.752 27.424 -2.672 7.443 -31.496 -18.552 16 0 0 200810010938A
142.54 36.56 2.39 26.660 3.423 -30.083 -17.672 23.894 -1.994 17 0 0 200812201029A
142.0874 42.6166 105.38 1.951 5.412 -7.364 14.067 1.807 -4.607 16 0 0 200902280035A
133.91 43.37 444.54 7.210 -1.650 -5.570 -2.510 -6.260 2.070 16 0 0 200903130907A
126.9241 27.3412 154.02 -3.221 -1.353 4.574 -2.312 -4.352 -3.007 17 0 0 200903261919A
129.91 27.09 12.00 -41.600 6.530 35.000 7.030 8.100 31.500 15 0 0 200904200722A
140.36 26.21 414.74 -46.200 -16.500 62.700 -87.700 6.410 21.400 15 0 0 200905011257A
143.72 41.7 31.59 23.414 -7.011 -16.403 14.214 23.458 -12.886 17 0 0 200906050330A
133.24 42.39 485.47 -1.270 76.100 -74.800 33.900 -52.400 -44.800 15 0 0 200907160629A
125.2114 24.1979 25.31 10.968 -6.281 -4.687 8.350 13.324 -6.903 17 0 0 200908050018A
138.19 33.05 301.77 3.410 1.590 -5.000 -7.690 -45.700 -15.800 18 0 0 200908091055A
140.6665 32.7502 54.73 40.988 -3.950 -37.038 -14.879 -70.550 -29.854 17 0 0 200908122248A
140.18 41.05 170.82 -70.900 -25.500 96.300 44.500 81.000 -7.070 15 0 0 200908240526A
130.1828 31.0794 162.60 12.867 -6.245 -6.623 3.494 17.847 -7.308 17 0 0 200909031326A
140.33 27.05 418.27 -7.597 -1.989 9.586 -3.150 1.574 -1.070 16 0 0 200909222259A
127.8041 27.7694 3.26 -46.541 28.247 18.294 -9.289 18.357 31.388 16 0 0 200909281922A
127.8404 27.8395 17.24 -45.517 19.026 26.491 3.663 9.436 12.392 15 0 0 200910031536A
142.22 41.73 86.89 -22.756 43.191 -20.435 -14.225 18.855 -9.892 15 0 0 200910100842A
130.2464 29.0285 40.63 5.247 -1.557 -3.690 2.142 1.400 -2.165 16 0 0 200910250617A
145.2043 47.6184 477.86 10.042 -3.485 -6.557 -1.875 -4.368 -3.483 16 0 0 200910262350A
130.2077 28.9891 37.18 15.050 -4.580 -10.470 7.414 7.583 -6.719 18 0 0 200910300703A
141.37 26.26 95.80 10.291 -3.576 -6.715 -2.379 1.822 3.949 16 0 0 200911031803A
141.6976 37.1412 45.07 45.814 -9.859 -35.956 9.438 22.980 -15.174 15 0 0 200912020614A
139.72 36.45 78.79 23.539 -24.755 1.216 -41.857 -19.451 -9.465 15 0 0 200912172041A
134.93 42.12 390.36 55.200 4.790 -60.000 -20.100 -349.000 -155.000 16 0 0 200912240023A
144.49 43.28 99.46 3.071 14.105 -17.176 -1.274 -26.582 -9.617 15 0 0 200912280012A
143.0537 42.2129 65.67 21.901 -8.188 -13.713 1.077 14.250 -16.128 15 0 0 201001141846A
126.47 26.64 126.21 -11.083 -18.201 29.284 -24.718 -21.683 1.229 16 0 0 201001151108A
143.619 37.9948 16.43 -13.021 -10.271 23.292 5.346 25.054 14.018 16 0 0 201001170604A
131.0779 30.9127 40.76 1.520 -8.936 7.416 3.820 8.402 10.900 16 0 0 201001250715A
135.7398 40.8339 384.55 3.539 -1.593 -1.945 -2.544 -5.232 -3.825 16 0 0 201002050648A
130.66 42.48 578.67 2.670 1.920 -4.590 2.340 -25.000 -5.910 18 0 0 201002180113A
122.9257 24.0499 28.91 -80.558 9.094 71.464 21.073 30.281 5.752 15 0 0 201002220521A
128.6128 25.8639 15.45 -7.949 3.883 4.066 10.309 11.478 34.507 18 0 0 201002262031A
142.1886 34.6814 16.93 85.018 -3.169 -81.850 64.359 118.616 -41.946 15 0 0 201002280817A
140.61 39.43 111.79 23.612 -24.911 1.300 10.431 -33.715 12.553 15 0 0 201002282207A
141.4452 37.6197 75.59 -18.863 3.004 15.859 4.800 5.871 6.271 16 0 0 201003131246A
141.953 37.7053 42.32 55.289 -6.326 -48.964 20.235 51.362 -17.637 17 0 0 201003140808A
128.25 28.73 12.00 -5.900 10.200 -4.330 1.140 1.620 3.030 16 0 0 201003150935A
138.4619 43.2706 8.29 50.781 -7.105 -43.675 -2.143 -15.171 -16.476 16 0 0 201003300102A
141.2828 29.5795 94.04 105.515 -5.620 -99.895 -21.488 107.782 -39.361 16 0 0 201005031027A
130.0029 25.8017 6.98 -41.905 12.131 29.774 -3.546 7.592 48.713 17 0 0 201005260853A
146.9391 43.4296 70.70 7.419 1.570 -8.988 11.885 10.293 -3.766 16 0 0 201006050522A
143.0388 26.5758 15.47 230.040 -1.539 -228.501 65.177 217.134 12.802 15 0 0 201006111637A
143.01 26.62 12.77 209.717 -2.546 -207.171 50.381 192.426 -28.749 15 0 0 201006111658A
141.7494 37.4164 32.83 833.087 -862.046 28.959 -7.874 -272.919 -124.115 15 0 0 201006130332A
141.7335 41.761 70.04 1.017 -4.913 3.896 1.238 1.158 3.745 16 0 0 201006272103A
141.8248 30.608 16.45 37.536 3.871 -41.408 -2.686 42.890 3.341 16 0 0 201006281207A
142.77 39.68 35.30 229.307 1.269 -230.576 51.263 221.190 -32.093 16 0 0 201007042155A
122.5097 24.7069 120.24 -2.508 -27.593 30.101 45.464 -21.230 -3.046 15 0 0 201007090041A
139.56 27.71 504.16 -48.400 51.800 -3.460 62.700 -58.000 5.080 15 0 0 201007302043A
128.32 29.48 236.00 -13.100 10.400 2.640 -117.000 -38.000 -29.000 15 0 0 201008071604A
138.02 31.99 367.39 -30.700 -21.800 52.500 -5.550 -90.800 -1.700 15 0 0 201008182333A
136.87 36.19 281.32 -37.000 131.000 -94.100 -61.000 70.400 -6.180 15 0 0 201008261508B
143.15 42.14 62.45 20.600 -7.160 -13.400 3.040 13.500 -14.400 16 0 0 201010141358A
141.43 34.33 16.12 57.300 2.790 -60.100 23.700 18.700 17.200 15 0 0 201010301906A
146.87 46.82 362.35 7.090 1.800 -8.890 3.530 -15.700 -8.120 16 0 0 201011021810A
141.6979 24.3681 99.37 57.739 -300.706 242.966 -84.315 138.538 -7.608 15 0 0 201011071926A
139.253 28.6957 460.08 -5.569 9.904 -4.334 5.725 -13.112 -5.614 18 0 0 201011300324A
143.6931 26.7909 30.01 -9.543 12.568 -3.025 7.718 -18.730 -42.002 17 0 0 201012222149A
141.17 25.45 12.00 97.900 -33.400 -64.400 -14.400 -6.720 -9.750 15 0 0 201012250555A
143.78 26.97 12.00 -40.700 25.800 14.900 31.300 -1.350 -21.900 15 0 0 201012251141A
139.94 26.94 512.00 -30.882 36.283 -5.402 21.693 -51.213 -22.390 17 0 0 201101122132A
140.45 31.46 90.51 -3.370 101.000 -98.000 66.600 129.000 -25.500 15 0 0 201102232214A
138.5929 37.0469 3.79 19.982 -11.121 -8.860 -24.653 -10.771 -15.108 17 0 0 201103111859A
141.86 35.83 12.00 20.800 4.180 -25.000 81.200 -62.900 -24.100 15 0 0 201103121146A
141.11 36.93 49.91 60.400 -6.740 -53.600 -22.300 -11.400 31.700 15 0 0 201103140652A
144.0039 37.1154 10.11 -52.856 19.226 33.630 2.688 19.651 26.041 17 0 0 201103220718A
142.27 39.17 37.83 -38.500 15.100 23.400 7.630 49.900 -21.800 15 0 0 201103221549A
123.98 25.3 138.08 -22.700 -1.580 24.300 -38.700 -41.000 4.440 16 0 0 201104160111A
140.0 36.4 80.59 33.400 4.380 -37.700 31.700 29.500 -11.300 16 0 0 201104160219A
139.24 27.88 517.34 -1.990 4.950 -2.960 3.470 -4.720 -1.180 16 0 0 201104160920A
130.98 43.61 564.45 7.440 21.600 -29.100 15.300 -32.400 23.300 16 0 0 201105101526A
146.37 42.95 36.82 42.100 1.360 -43.500 31.200 17.600 -18.500 15 0 0 201105142230A
142.67 37.29 72.42 -1.170 4.540 -3.370 1.590 1.910 -1.530 16 0 0 201105151214A
140.6 27.12 476.64 -703.000 -4.790 708.000 443.000 96.800 32.700 14 0 0 201106012334A
142.51 39.99 41.35 105.000 4.550 -109.000 12.500 112.000 -3.300 17 0 0 201106222150A
123.74 25.01 126.82 -8.140 23.300 -15.200 -75.100 -29.100 -11.700 15 0 0 201107130719A
139.97 27.1 476.25 -45.800 7.490 38.300 -10.200 -94.500 -85.700 15 0 0 201107151800A
138.39 34.65 19.15 93.600 -97.200 3.610 41.800 -14.700 12.700 16 0 0 201108011458A
140.35 26.73 439.61 -31.400 18.400 12.900 -25.800 -3.480 -10.500 16 0 0 201110040137A
142.21 41.65 57.41 88.200 1.490 -89.700 34.200 55.500 -26.100 15 0 0 201110070251A
142.52 43.83 191.48 -7.620 9.280 -1.670 14.100 -2.470 14.000 17 0 0 201110210802A
122.91 25.32 213.10 16.300 -21.700 5.410 34.300 -7.470 -6.120 16 0 0 201110300323A
125.77 27.13 230.60 -26.500 1.230 25.300 -8.420 -10.700 -5.500 18 0 0 201111080259A
132.8 34.86 16.97 -4.810 46.100 -41.200 -6.220 -19.200 -21.000 15 0 0 201111211016A
142.94 41.79 43.46 15.400 -3.550 -11.900 5.820 14.200 -6.840 17 0 0 201111241025A
144.6 46.93 389.99 6.900 23.400 -30.300 -29.000 -33.200 -21.900 16 0 0 201112091942A
138.44 30.87 414.27 -9.700 -1.110 10.800 -4.570 -78.500 -25.100 15 0 0 201112301707A
138.17 31.61 351.95 -3.730 -1.110 4.840 -2.620 -17.700 -5.190 18 0 0 201201010527A
142.18 45.53 317.84 -2.880 1.820 1.060 7.850 1.450 -3.290 16 0 0 201202071330A
139.31 28.23 504.11 -21.100 56.500 -35.400 1.730 -259.000 -30.600 15 0 0 201202281507A
133.48 37.88 438.77 1.610 1.300 -2.920 -1.930 -8.050 2.860 16 0 0 201203161837A
138.66 28.75 493.94 -3.150 7.290 -4.140 4.710 -14.500 -7.900 16 0 0 201204180537A
138.47 30.75 402.90 -52.600 45.600 6.950 12.300 -68.700 24.900 15 0 0 201205112034A
140.19 27.02 485.23 -784.000 643.000 141.000 -6.480 -433.000 -544.000 14 0 0 201205262000A
122.2 24.48 80.99 4.970 1.650 -6.610 3.670 -3.320 -2.770 17 0 0 201206092100A
130.31 29.23 34.36 26.400 -8.120 -18.300 9.980 9.300 -11.400 16 0 0 201207091925A
138.9 47.29 506.93 34.600 8.320 -42.900 -20.500 -12.300 -8.800 16 0 0 201207290920A
125.06 25.77 140.60 -5.810 -5.000 10.800 -10.100 -5.470 -6.690 16 0 0 201208080711A
141.78 45.99 328.48 9.610 53.900 -63.500 30.000 -32.400 -4.470 15 0 0 201209220937A
139.19 29.07 443.04 -1.210 4.580 -3.370 3.530 -7.840 -2.950 17 0 0 201210230853A
137.91 29.79 506.00 -34.000 11.000 23.000 6.080 -31.800 26.600 16 0 0 201211121115A
122.2 25.81 305.69 -1.220 -1.260 2.480 -1.420 -6.750 -3.170 16 0 0 201212081426A
137.62 31.98 377.48 -20.300 2.510 17.800 -34.700 -77.400 -7.590 15 0 0 201212251708A
140.83 44.45 248.28 -1030.000 9.510 1020.000 848.000 215.000 -940.000 14 0 0 201301221329A
143.24 42.85 105.35 -3.270 6.730 -3.470 30.600 -1.630 2.130 18 0 0 201302021417A
139.39 36.89 12.83 -5.480 32.600 -27.100 -4.990 -1.210 -55.500 16 0 0 201302250723A
142.65 45.42 288.40 -2.630 -7.900 10.500 35.500 -29.000 -1.600 15 0 0 201303270125A
131.02 42.77 571.87 6.560 -2.500 -4.070 1.030 -30.900 4.510 17 0 0 201304051300A
131.05 42.82 575.15 23.800 -8.550 -15.200 2.890 -51.800 10.100 16 0 0 201304060029A
134.69 34.43 18.43 57.200 1.860 -59.000 -4.160 -58.200 11.600 16 0 0 201304122033A
123.09 24.8 12.00 -10.800 12.200 -1.340 4.390 3.430 2.450 16 0 0 201304170643A
141.7 38.51 55.90 76.900 -6.670 -70.200 20.000 59.000 -18.400 16 0 0 201304171203A
138.88 30.02 429.84 -13.400 15.800 -2.450 1.480 -10.200 5.640 17 0 0 201304210322A
139.18 32.4 220.61 26.300 -24.600 -1.760 9.510 -35.500 -29.400 15 0 0 201304240621A
143.74 37.52 17.59 -1.500 -3.120 4.620 1.720 2.000 1.200 16 0 0 201305061314A
137.84 31.08 463.95 1.650 8.470 -10.100 -4.880 -8.370 3.280 16 0 0 201307281136A
145.22 46.97 378.01 1.170 3.110 -4.280 -4.680 -3.470 -1.780 17 0 0 201308041556A
133.65 42.19 454.68 -5.320 -20.800 26.100 5.980 -399.000 49.400 15 0 0 201309020251A
138.79 30.02 412.03 -28.000 25.600 2.340 24.100 -61.700 -16.400 17 0 0 201309040018A
130.86 43.2 560.32 -38.300 30.200 8.120 68.000 -36.700 -73.500 15 0 0 201310292017A
124.02 44.75 12.00 630.000 212.000 -841.000 -283.000 -189.000 3.070 14 0 0 201310310303A
136.86 34.35 339.93 30.700 -4.440 -26.200 13.300 -28.200 7.400 16 0 0 201311181910A
124.06 44.65 12.00 54.100 41.600 -95.700 -38.300 -26.800 -3.230 15 0 0 201311222204A
141.52 42.13 98.94 -44.500 51.600 -7.170 14.100 -8.180 -3.000 15 0 0 201311271745A
138.48 30.27 434.87 -2.240 4.050 -1.810 2.950 -6.410 -1.360 16 0 0 201312181254A
145.05 43.69 116.13 -1.200 10.800 -9.560 9.190 1.810 -5.010 16 0 0 201501081842A
141.97 48.94 591.38 -61.700 -28.000 89.800 -54.100 -4.980 19.500 15 0 0 201501141209A
139.25 29.25 420.75 -32.900 35.700 -2.810 7.920 -85.500 -34.200 15 0 0 201501251041A
142.0 38.41 35.89 95.200 -103.000 8.270 1.840 -486.000 -296.000 14 0 0 201502260111A
139.94 31.47 12.00 44.400 -27.300 -17.200 -10.600 -28.100 -8.260 16 0 0 201505021650A
135.18 41.9 393.36 19.500 -11.000 -8.540 -8.790 -106.000 -2.020 15 0 0 201505250637A
140.56 27.94 680.70 -38.600 -6.570 45.200 -28.700 56.100 11.000 19 0 0 201505301123A
142.24 41.49 54.03 119.000 -6.040 -112.000 39.400 85.700 -36.600 16 0 0 201506080601A
143.64 39.66 22.02 31.600 -1.800 -29.800 13.200 27.800 -6.350 16 0 0 201506100833A
139.85 27.68 458.51 -45.600 22.000 23.600 -4.820 -48.300 -40.600 17 0 0 201506231218A
140.19 27.16 317.73 -19.800 21.400 -1.590 -39.500 4.650 1.800 16 0 0 201510200929A
129.75 44.83 587.42 24.300 8.000 -32.300 -35.000 -36.600 -40.500 16 0 0 201601020422A
138.67 30.43 421.51 -40.000 41.100 -1.100 29.300 -12.900 13.800 16 0 0 201602141809A
131.12 33.0 13.24 9.750 221.000 -231.000 15.900 -51.200 8.830 15 0 0 201604181142A
129.05 31.14 12.00 -3.750 9.530 -5.780 1.240 6.690 11.800 16 0 0 201605070542A
146.91 47.68 423.22 400.000 197.000 -597.000 67.200 -501.000 7.000 15 0 0 201607230100A
128.71 26.49 24.21 6.640 -2.520 -4.120 4.690 4.770 -3.560 16 0 0 201607251511A
141.91 24.98 522.70 -12.700 5.020 7.680 -5.040 -26.400 -13.700 17 0 0 201608041624A
143.82 40.38 20.62 529.000 -3.620 -525.000 519.000 855.000 -135.000 14 0 0 201608201610A
138.89 29.95 408.84 -6.590 16.900 -10.300 23.300 -10.800 5.830 16 0 0 201608220933A
137.78 30.69 473.24 -2.810 6.580 -3.770 4.570 -3.800 4.050 17 0 0 201608251704A
137.96 31.78 343.38 -23.800 -29.900 53.600 -147.000 -137.000 -3.870 15 0 0 201609031226A
129.12 35.79 20.06 2.280 15.500 -17.800 7.240 -2.590 13.900 16 0 0 201609121132A
140.02 27.36 491.11 -3.710 -1.840 5.560 1.660 -49.700 -44.500 16 0 0 201611230959A
137.99 31.8 350.94 -53.000 7.540 45.400 12.500 -90.800 -22.600 15 0 0 201611240035A
132.96 41.76 495.64 -2.630 118.000 -115.000 -29.700 -75.000 55.800 15 0 0 201701121704A
140.74 35.64 45.26 184.000 -15.500 -168.000 3.290 113.000 -40.400 15 0 0 201702190919A
138.38 42.07 12.00 6.800 -4.280 -2.520 -1.120 -3.250 -3.760 16 0 0 201703272231A
131.56 40.89 556.35 -7.610 66.900 -59.300 -14.700 -46.500 -53.800 16 0 0 201707121948A
126.84 26.47 17.67 -5.230 3.380 1.860 1.470 3.970 2.610 16 0 0 201708080549A
139.75 27.79 459.75 -8.360 3.920 4.440 1.590 -10.200 -6.540 17 0 0 201709071726A
141.52 32.45 18.72 107.000 8.140 -115.000 -7.170 46.400 -2.600 16 0 0 201711090742A
131.76 30.78 12.00 -221.000 9.630 211.000 86.000 473.000 109.000 14 0 0 201712182328A
142.67 29.17 12.90 79.400 2.170 -81.600 3.980 10.800 -6.560 15 0 0 201712210156A
129.39 29.65 177.43 33.900 -4.380 -29.500 15.400 57.600 22.400 15 0 0 201712310348A
140.3 29.66 12.00 -150.000 53.500 96.700 9.940 98.800 -67.100 15 0 0 201801032130A
140.22 26.93 471.58 -5.560 1.880 3.690 -4.130 -11.100 -14.300 16 0 0 201802052056A
139.52 43.7 225.99 4.360 -6.440 2.090 -6.170 -3.480 -1.220 16 0 0 201804120756A
135.47 34.83 17.30 16.500 18.400 -35.000 2.240 -11.300 -8.690 16 0 0 201806172258A
