131.12 33.0 13.24 9.750 221.000 -231.000 15.900 -51.200 8.830 15 0 0 201604181142A
143.82 40.38 20.62 529.000 -3.620 -525.000 519.000 855.000 -135.000 14 0 0 201608201610A
140.0 36.4 80.59 33.400 4.380 -37.700 31.700 29.500 -11.300 16 0 0 201104160219A
143.64 39.66 22.02 31.600 -1.800 -29.800 13.200 27.800 -6.350 16 0 0 201506100833A
138.9 47.29 506.93 34.600 8.320 -42.900 -20.500 -12.300 -8.800 16 0 0 201207290920A
146.91 47.68 423.22 400.000 197.000 -597.000 67.200 -501.000 7.000 15 0 0 201607230100A
158.73 53.86 168.07 -4.120 5.530 -1.410 -5.160 -3.350 -3.410 19 0 0 201601300325A
142.94 41.79 43.46 15.400 -3.550 -11.900 5.820 14.200 -6.840 17 0 0 201111241025A
137.78 30.69 473.24 -2.810 6.580 -3.770 4.570 -3.800 4.050 17 0 0 201608251704A
142.3 50.45 12.47 42.800 -5.010 -37.800 6.340 -32.200 20.100 16 0 0 201608141115A
142.24 41.49 54.03 119.000 -6.040 -112.000 39.400 85.700 -36.600 16 0 0 201506080601A
145.7 49.97 598.20 38.400 -18.700 -19.700 -27.400 -5.080 -21.500 19 0 0 201208140259A

140.3 29.66 12.00 -150.000 53.500 96.700 9.940 98.800 -67.100 15 0 0 201801032130A
129.05 31.14 12.00 -3.750 9.530 -5.780 1.240 6.690 11.800 16 0 0 201605070542A
147.34 15.26 12.00 30.200 -8.240 -21.900 -2.090 16.100 17.000 16 0 0 201501311229A
145.6 21.55 12.00 -45.100 52.000 -6.970 34.200 -50.800 -53.500 16 0 0 201612211643A
104.12 27.47 12.00 17.000 6.940 -23.900 -9.720 -2.310 -17.800 16 0 0 201209070319A
96.05 22.6 12.00 28.700 -31.300 2.620 206.000 238.000 773.000 15 0 0 201211111054A
139.94 31.47 12.00 44.400 -27.300 -17.200 -10.600 -28.100 -8.260 16 0 0 201505021650A
123.13 9.9 12.00 82.300 -92.800 10.500 -42.500 6.180 -116.000 16 0 0 201202061010A

120.7 22.69 25.00 34.700 6.150 -40.800 -6.600 -89.900 23.100 16 0 0 201202260234A
122.91 25.32 213.10 16.300 -21.700 5.410 34.300 -7.470 -6.120 16 0 0 201110300323A
139.19 29.07 443.04 -1.210 4.580 -3.370 3.530 -7.840 -2.950 17 0 0 201210230853A
139.85 27.68 458.51 -45.600 22.000 23.600 -4.820 -48.300 -40.600 17 0 0 201506231218A
140.56 27.94 680.70 -38.600 -6.570 45.200 -28.700 56.100 11.000 19 0 0 201505301123A
121.83 23.94 18.39 13.700 -9.250 -4.400 12.400 9.130 -7.050 16 0 0 201802061915A
137.91 29.79 506.00 -34.000 11.000 23.000 6.080 -31.800 26.600 16 0 0 201211121115A
