128.083237 41.994331 23 
128.198044 41.970928 28 
128.125595 41.987091 35 
128.621964 41.938141 32 
128.791214 41.945759 45 
128.318344 41.966301 40 
120.289238 23.86167 0 
120.308571 23.857361 0 
120.325188 23.851271 0 
120.346558 23.84272 0 
120.362282 23.8395 0 
120.382019 23.84329 0 
120.400917 23.839781 0 
120.418449 23.84539 0 
120.440239 23.841471 0 
120.461746 23.83794 0 
120.48243 23.83646 0 
120.5009 23.83374 0 
120.519363 23.830429 0 
120.540558 23.829269 0 
120.556747 23.831221 0 
120.577026 23.82374 0 
120.596817 23.824089 0 
120.616463 23.82058 0 
120.638939 23.826099 0 
120.651207 23.81665 0 
120.675369 23.814501 0 
120.692291 23.80727 0 
120.711601 23.807831 0 
120.733391 23.807011 0 
120.754517 23.81385 0 
120.773689 23.80415 0 
120.795502 23.80813 0 
120.813797 23.801809 0 
120.831444 23.79789 0 
120.851219 23.787189 0 
120.873718 23.79451 0 
120.894287 23.791759 0 
120.911758 23.787149 0 
120.940804 23.79203 0 
120.954079 23.787621 0 
120.974487 23.79751 0 
120.99427 23.793039 0 
121.010719 23.78726 0 
121.030922 23.78417 0 
121.048363 23.770769 0 
121.064842 23.756651 0 
121.088989 23.753519 0 
121.1101 23.76158 0 
121.132584 23.752159 0 
121.145203 23.750389 0 
121.164513 23.76173 0 
121.187408 23.772011 0 
121.205048 23.767191 0 
121.220757 23.753139 0 
121.233383 23.751181 0 
121.345078 23.753679 0 
121.364113 23.741369 0 
121.37648 23.713539 0 
121.395218 23.72126 0 
121.416008 23.71616 0 
121.438148 23.719879 0 
121.455437 23.721479 0 
121.474701 23.724501 0 
121.497398 23.727909 0 
121.515648 23.733 0 
121.540619 23.74395 0 
121.559692 23.744289 0 
120.97718 24.867331 0 
120.995529 24.86492 0 
121.019791 24.853491 0 
121.038399 24.84626 0 
121.047592 24.82593 0 
121.059929 24.810141 0 
121.050453 24.79812 0 
121.07386 24.785339 0 
121.092682 24.76409 0 
121.103149 24.74716 0 
121.123161 24.73749 0 
121.136459 24.72485 0 
121.157562 24.716459 0 
121.168442 24.70615 0 
121.190628 24.697519 0 
121.21376 24.70289 0 
121.220169 24.68395 0 
121.242302 24.679871 0 
121.260651 24.67235 0 
121.281822 24.667919 0 
121.30204 24.65962 0 
121.328133 24.66387 0 
121.366547 24.67374 0 
121.37571 24.66959 0 
121.406326 24.65395 0 
121.419243 24.6437 0 
121.445137 24.642429 0 
121.474899 24.651369 0 
121.485023 24.625549 0 
121.490639 24.605749 0 
121.476158 24.575821 0 
121.508171 24.545759 0 
121.519012 24.531879 0 
121.52169 24.52269 0 
121.536392 24.49398 0 
121.563522 24.49914 0 
121.581581 24.516939 0 
121.610443 24.51029 0 
121.621971 24.504129 4 
121.74543 24.455589 0 
121.75161 24.465139 5 
121.767738 24.46604 0 
121.777573 24.470619 0 
121.788788 24.45875 0 
121.7966 24.441759 0 
120.172867 23.54174 0 
120.185242 23.52549 0 
120.20771 23.51828 0 
120.215714 23.51285 0 
120.239799 23.502029 0 
120.266037 23.500959 0 
120.276451 23.49402 0 
120.291817 23.48531 0 
120.30954 23.46718 0 
120.331207 23.46707 0 
120.347328 23.455549 0 
120.364098 23.453899 0 
120.383743 23.438471 0 
120.406776 23.431009 0 
120.414673 23.43626 0 
120.435341 23.42317 0 
120.453621 23.410721 5 
120.479492 23.426121 5 
120.509087 23.417801 5 
120.512932 23.4034 5 
120.530518 23.382311 5 
120.538689 23.37792 5 
120.574379 23.377359 5 
120.580116 23.36072 5 
120.61525 23.36548 5 
120.612152 23.31432 4 
120.629822 23.306881 5 
120.650192 23.294571 5 
120.666977 23.295839 5 
120.689857 23.290409 5 
120.693932 23.26939 5 
120.711014 23.27268 5 
120.846481 23.285009 0 
120.867218 23.280451 0 
120.889748 23.28285 0 
120.91684 23.27813 0 
120.927017 23.25828 0 
120.942978 23.259701 0 
120.983917 23.237711 0 
121.005211 23.237181 0 
121.03418 23.20701 0 
121.025093 23.187201 0 
121.041359 23.17321 0 
121.063133 23.155581 0 
121.077766 23.14703 0 
121.097687 23.14163 0 
121.117859 23.13233 0 
121.133347 23.13324 0 
121.153954 23.12812 0 
121.168953 23.116699 0 
121.203522 23.101431 0 
121.218224 23.074949 0 
121.231201 23.065689 0 
121.283096 23.030649 0 
121.299072 23.02507 0 
120.257942 22.733219 0 
120.280663 22.733829 0 
120.296837 22.73736 0 
120.316032 22.729309 0 
120.338562 22.73329 0 
120.355263 22.73967 0 
120.374008 22.73844 0 
120.386864 22.71929 0 
120.418167 22.72965 0 
120.43116 22.73065 0 
120.451263 22.72957 0 
120.479019 22.73077 0 
120.492554 22.7297 0 
120.511993 22.727831 0 
120.535233 22.73678 0 
120.55011 22.736919 0 
120.568962 22.7248 0 
120.586853 22.730431 0 
120.608681 22.73167 0 
120.64003 22.744249 0 
120.667908 22.730181 0 
120.68222 22.751511 0 
120.70562 22.75036 0 
120.726013 22.749809 0 
120.743462 22.744631 0 
120.758507 22.728661 5 
120.776749 22.731741 5 
120.796288 22.72048 5 
120.812866 22.718571 0 
120.984703 22.73893 1 
120.993309 22.748699 5 
121.002701 22.752359 4 
121.016724 22.75835 0 
121.040649 22.72617 0 
121.059967 22.739401 0 
121.076721 22.733999 0 
121.097816 22.72953 0 
121.113724 22.740919 0 
121.132729 22.733021 0 
120.409149 22.768169 0 
111.857201 42.203701 14 
111.874901 42.0378 1 
111.898903 41.873501 13 
111.886703 41.705399 9 
111.9189 41.5196 18 
111.940903 41.3503 3 
111.990303 41.1646 18 
111.973801 40.972099 18 
111.9655 40.8209 18 
112.039902 40.639801 18 
112.041603 40.466599 18 
112.098801 40.2934 18 
112.073303 40.143799 17 
112.099098 39.959702 16 
112.131203 39.7924 14 
112.148804 39.616199 18 
112.147797 39.4328 18 
112.194298 39.264 14 
112.152 39.089298 18 
112.179901 38.9016 18 
112.178802 38.6991 18 
112.185097 38.484901 18 
112.196198 38.2943 14 
112.0951 38.183998 13 
111.951599 37.998798 13 
111.822899 37.843201 8 
111.715103 37.720299 18 
111.585602 37.5509 18 
111.457901 37.397598 12 
111.588699 37.237598 12 
111.674797 37.022499 12 
111.8228 36.8204 18 
111.775703 36.673302 18 
111.8424 36.509201 18 
111.854401 36.292999 18 
111.883797 36.105999 18 
111.921799 35.925301 18 
111.946899 35.766201 18 
111.854301 35.530499 18 
111.681999 35.412102 18 
111.628304 35.225101 17 
111.5485 35.042801 18 
111.4011 34.9002 18 
111.345596 34.6931 13 
111.2239 34.554199 13 
111.1978 34.368698 18 
111.093597 34.230099 18 
110.997299 34.050598 18 
110.951599 33.911999 18 
110.887497 33.747799 18 
110.789101 33.5984 12 
110.697197 33.416302 18 
110.642403 33.2747 18 
110.467003 33.104401 18 
110.383904 32.966599 18 
110.376503 32.863201 18 
110.334099 32.674801 18 
110.261299 32.527 18 
110.265404 32.368099 18 
110.185097 32.248199 18 
110.149338 32.091469 19 
110.081253 31.96895 19 
110.016518 31.850651 19 
109.91172 31.70208 19 
108.481499 11.952 0 
97.5 31.0 128 
103.757797 30.91 134 
125.260002 43.48 136 
121.627998 38.905998 136 
94.814499 36.198399 133 
99.816704 39.400002 135 
106.664001 26.459999 130 
113.652496 23.6525 132 
127.410004 50.252998 136 
111.564003 40.849998 136 
112.470001 34.549999 136 
103.844398 36.087002 134 
92.25 32.25 107 
118.854401 32.051701 133 
123.578003 41.827801 136 
117.124001 36.209999 136 
98.519997 25.028999 126 
114.353897 30.542801 135 
116.079002 43.900002 132 
161.208 56.568 0 
160.6961 55.9399 0 
160.49 55.935 0 
160.4965 55.965 0 
160.748 56.115 0 
158.6948 55.9322 0 
162.7127 56.2584 0 
162.819 56.208 0 
160.342 55.953 0 
160.8574 56.3167 0 
160.247 55.756 0 
159.8721 56.0576 0 
160.222 55.966 0 
160.565 56.217 0 
159.449 54.036 0 
160.2938 55.1132 0 
160.69 56.083 0 
161.73 54.556 0 
161.468 56.582 0 
159.693 56.319 0 
161.168 56.654 0 
160.146 55.283 0 
160.3989 55.2026 0 
160.803 56.017 0 
137.029007 35.349998 267 
114.141502 22.277599 254 
116.1679 40.018299 277 
109.4944 30.276199 270 
119.741402 49.270401 282 
102.739998 25.123301 267 
91.126999 29.7031 272 
129.590805 44.617001 282 
109.844498 19.0291 276 
121.190804 31.094801 267 
87.704903 43.813801 227 
108.923698 34.0313 257 
143.157196 42.014999 281 
103.643799 51.680698 199 
98.942902 18.4575 0 
127.884399 37.442101 0 
138.209 36.541698 0 
157.698898 53.1082 0 
106.394997 47.834702 0 
131.9888 44.199799 0 
84.818802 53.948101 0 
92.743919 11.655733 173 
91.855949 25.566816 179 
98.944298 18.8141 281 
125.579102 7.0697 274 
144.868393 13.5893 284 
126.623901 37.4776 229 
150.770004 59.5756 228 
138.204056 36.54567 280 
158.649902 53.0233 284 
121.497101 24.973499 284 
107.0532 47.865101 266 
129.680496 62.030998 254 
142.760406 46.958698 266 
142.593002 44.118801 127 
142.184494 27.095699 127 
142.184494 27.095699 154 
143.153503 42.018501 104 
141.446167 42.84267 104 
137.354172 35.604 104 
139.813797 33.115299 280 
133.113663 35.001831 104 
142.593002 44.118801 154 
125.292503 24.8183 0 
125.292503 24.8183 0 
140.789673 37.868999 104 
133.876328 33.731499 104 
131.223663 25.81983 98 
130.876694 33.125 278 
128.272507 26.836 280 
138.257172 38.040001 104 
138.182999 34.67767 104 
130.452667 31.509331 104 
141.064667 40.789501 104 
129.396332 34.5275 104 
135.398666 35.285671 104 
140.190674 36.230831 104 
123.011299 24.467199 280 
91.156708 27.260258 11 
90.509239 27.497847 20 
89.898758 27.503237 19 
127.363808 36.37719 137 
129.112503 35.2486 69 
127.9748 36.873001 69 
127.3964 35.421299 69 
128.252502 38.2686 54 
126.917099 37.4939 70 
145.674606 16.3416 0 
145.711502 16.3412 106 
145.645996 16.365299 73 
145.716202 16.358 124 
145.673401 16.3417 95 
145.673401 16.3417 94 
145.789093 15.24082 194 
145.791718 15.23389 194 
145.786255 15.22511 147 
145.798508 15.23166 150 
145.764404 18.123791 5 
145.786499 18.152769 0 
145.72644 18.072479 5 
145.774597 18.16172 5 
145.775482 18.11516 5 
145.795609 18.120449 5 
145.777908 18.137758 5 
145.751602 15.2148 0 
145.779495 16.700199 108 
93.599503 22.642099 62 
96.340195 24.179361 21 
99.589798 21.2857 62 
96.112297 22.016199 57 
94.916618 21.205721 22 
92.885201 20.1332 16 
97.034073 20.768545 22 
94.300301 24.229601 62 
96.153397 16.864799 62 
116.833298 6.9167 0 
120.579697 16.410801 98 
140.917297 31.4007 0 
153.977997 24.290001 32 
142.203003 27.056999 102 
140.109695 36.2108 105 
108.481499 11.952 186 
92.885201 20.1332 70 
103.906708 21.325247 202 
120.455002 17.552 125 
145.751907 15.2143 65 
102.352654 12.74415 135 
99.045258 19.932478 41 
98.944328 18.813829 228 
100.373436 20.228928 191 
101.624397 17.509279 190 
97.963226 19.31485 177 
101.3209 14.31523 154 
103.145699 18.063459 220 
104.612198 17.1476 79 
100.96875 16.573481 214 
100.229324 18.498913 97 
99.792877 12.47263 196 
99.121246 14.39476 224 
99.629448 9.16634 181 
100.606758 13.6684 158 
105.469498 15.2773 183 
121.529198 25.1828 0 
121.174004 24.0602 0 
121.423897 23.4921 0 
118.388199 24.4638 281 
121.558098 22.0373 0 
119.945602 26.151501 0 
121.594704 24.1738 279 
119.580101 23.5114 0 
120.359398 23.8911 0 
120.954002 23.7876 280 
121.488098 24.975401 0 
121.158302 24.252701 0 
120.629601 23.300501 268 
121.079903 22.817699 271 
120.8125 21.940901 0 
116.730598 20.701 29 
114.364998 10.3774 29 
121.781601 25.071501 0 
121.375702 24.6695 276 
121.297096 23.3925 278 
94.873199 36.432701 9 
94.023697 36.544498 9 
91.744301 37.023602 9 
92.948601 36.812099 0 
96.494003 36.435799 0 
95.737503 36.4468 0 
94.138802 32.972698 9 
94.403198 35.6987 9 
92.433998 34.280701 9 
92.2509 33.861198 9 
91.844299 33.257599 9 
91.859802 32.7864 9 
91.263298 32.101898 4 
95.831596 34.1758 9 
97.910599 35.086201 9 
96.166702 34.776199 9 
94.780502 34.924198 9 
93.961098 35.115398 9 
97.923401 34.370701 9 
97.205399 34.0555 1 
97.276703 33.408798 9 
97.113197 33.012299 9 
96.0821 32.950199 9 
95.437401 32.8512 9 
96.363503 33.2906 9 
95.841904 33.724899 9 
94.700897 32.894199 9 
94.918404 34.2672 9 
95.264503 31.542101 0 
96.471497 31.160999 9 
96.511703 31.994499 9 
96.394203 32.459202 1 
96.3041 34.053501 9 
97.102402 33.833 9 
95.973099 32.331402 9 
95.913399 31.2393 9 
94.6493 31.557199 9 
93.783699 31.874701 9 
92.423302 31.694901 9 
91.710503 32.386101 0 
96.385002 36.209301 9 
96.956497 36.269402 7 
97.978401 35.903702 8 
97.491203 35.941399 9 
98.407898 35.6605 9 
98.119797 36.282299 9 
98.9627 36.7663 0 
99.393303 37.606201 1 
98.631798 37.677601 8 
99.1651 38.161598 0 
98.230499 37.336201 9 
97.653999 36.972698 9 
96.750801 37.3484 0 
96.001602 37.524101 9 
94.776604 37.372299 9 
94.551804 38.0336 9 
93.655899 37.6805 9 
92.136803 38.2561 9 
94.3536 38.804901 9 
94.272797 39.581501 9 
93.488998 39.755901 9 
94.904404 39.506302 9 
145.652893 18.7362 36 
145.821198 17.6124 36 
149.281494 16.040501 38 
148.334305 16.515301 39 
147.979797 16.172899 38 
147.531204 16.499901 38 
146.958603 16.6626 39 
146.802795 17.2486 38 
147.601196 17.2096 38 
148.180405 17.428801 38 
148.512405 16.9986 38 
149.580994 16.7971 38 
149.650101 17.5944 38 
148.591705 17.631901 38 
147.530807 17.8734 38 
146.747803 17.9988 38 
146.902695 18.5613 38 
147.509705 18.2295 38 
147.9375 18.4245 38 
148.492706 18.6635 38 
148.521194 18.102501 38 
149.454498 18.4828 38 
145.744003 15.1866 7 
149.478195 18.1954 0 
149.444702 18.0172 0 
149.409607 17.8391 0 
149.300003 17.3333 0 
149.279205 17.167 0 
149.248001 16.9988 0 
149.214203 16.8325 0 
149.148605 16.4874 0 
149.116196 16.311199 0 
145.832901 17.3102 36 
147.435394 16.564899 0 
147.470795 17.2999 0 
147.744293 17.482599 0 
148.199997 17.116699 0 
148.850006 17.299999 0 
147.266693 17.483299 0 
147.3125 18.209101 0 
148.033295 18.3333 0 
146.390396 17.870001 0 
146.569595 17.869301 0 
146.75 17.866699 0 
146.934692 17.867701 0 
147.144699 17.8657 0 
147.333694 17.864799 0 
147.532104 17.8748 0 
147.699997 17.85 0 
147.900803 17.8596 0 
148.083298 17.85 0 
148.279907 17.8556 0 
148.466705 17.85 0 
148.649994 17.85 0 
148.833298 17.8333 0 
149.033295 17.8333 0 
149.224396 17.8426 0 
149.600006 17.8333 0 
149.783295 17.8167 0 
149.979706 17.826799 0 
145.7612 18.1243 36 
146.449997 17.0833 0 
146.616394 17.075001 0 
146.781998 17.0495 0 
146.951004 17.024099 0 
147.170105 16.9848 0 
147.324799 16.966299 0 
147.5 16.9333 0 
147.693405 16.9079 0 
147.883301 16.866699 0 
148.065094 16.848801 0 
148.25 16.8167 0 
148.433304 16.7833 0 
148.805405 16.7297 0 
148.990601 16.6989 0 
149.166702 16.65 0 
149.350006 16.633301 0 
149.533295 16.6 0 
149.716705 16.5667 0 
145.751907 15.2149 20 
145.778 16.7153 36 
146.916702 18.383301 0 
146.916702 18.2167 0 
146.9263 18.2202 0 
146.931 18.040001 0 
146.933304 17.6833 0 
146.940994 17.525999 0 
146.944504 17.3645 0 
146.9487 17.193899 0 
146.949997 16.8333 0 
92.192001 23.162001 0 
92.375 22.725599 0 
89.875 24.457001 0 
91.008698 23.4904 0 
90.219002 24.070999 0 
92.199997 21.775 9 
90.057999 23.815001 38 
90.029999 24.604 32 
90.170998 24.319 15 
89.921997 24.275999 0 
93.616096 45.363998 43 
94.361504 45.560001 43 
94.805901 45.8312 43 
95.267097 46.271099 43 
95.6689 46.506302 43 
96.511398 46.349998 43 
96.1586 45.927601 43 
95.875702 45.562401 43 
95.556702 44.934898 43 
94.906502 44.6194 43 
96.014099 44.663502 43 
96.270103 44.992001 43 
96.635902 45.355598 43 
97.167297 45.735199 43 
102.861603 46.8722 72 
102.406898 46.886398 72 
102.547203 46.515701 67 
102.093597 46.349602 72 
101.593903 46.124599 72 
100.747299 46.233299 72 
100.886597 45.9445 72 
100.730202 45.716801 72 
100.5718 45.413898 72 
100.826103 46.416698 73 
100.907501 46.5937 73 
100.9412 46.692699 73 
100.903801 46.799999 66 
100.807701 46.875801 72 
100.949097 47.072601 73 
101.012703 47.189098 61 
101.157898 47.284801 73 
101.290604 47.3825 73 
101.322601 47.514702 63 
101.451401 47.736698 65 
101.346397 47.740002 1 
101.433296 47.967701 40 
101.752502 47.134102 69 
100.532501 47.509899 72 
100.070099 47.305 72 
99.406097 47.003502 72 
98.736298 47.1796 72 
98.400703 47.319199 73 
97.975998 47.313702 73 
97.604401 47.207001 61 
97.711998 47.307201 73 
97.731796 47.450298 73 
97.902603 47.5476 73 
98.022003 47.593899 73 
98.335602 47.728001 73 
98.339897 47.844501 72 
98.448402 47.890999 73 
98.626602 48.0159 68 
98.8675 48.0905 73 
99.051498 48.049999 73 
99.174896 48.212299 73 
99.400002 48.242298 72 
99.461197 48.378799 72 
99.382202 48.520302 72 
99.427597 47.849201 73 
99.139801 47.675201 73 
100.059097 46.828499 71 
100.144203 46.145901 71 
100.4235 46.431801 0 
97.608299 46.209202 70 
97.373398 46.354599 71 
97.295097 46.572201 72 
97.187798 46.796299 72 
97.2938 47.029301 72 
96.803398 47.499901 72 
98.650497 47.4025 73 
99.407997 48.691799 72 
96.963699 48.251701 72 
97.672501 48.41 72 
98.2948 48.467899 72 
99.826202 48.1842 72 
99.744102 47.958401 73 
100.303902 48.033298 72 
100.2435 47.7547 69 
98.086998 46.8134 73 
99.051201 46.349701 73 
102.444702 44.403 72 
100.399597 44.747898 72 
98.029297 45.389599 72 
95.316498 45.5462 72 
103.635696 48.7351 72 
101.357101 49.4953 72 
99.152298 49.500999 72 
96.357101 49.3102 72 
99.331497 51.392799 31 
99.349503 51.146301 43 
99.150002 50.994099 43 
99.197502 50.680199 43 
99.313301 50.3839 28 
98.9758 50.178902 43 
99.667999 51.113998 43 
100.006897 51.079201 43 
99.501602 50.162201 43 
100.448601 51.572102 43 
100.193604 50.631599 39 
100.169296 50.456001 43 
100.060699 50.1147 43 
100.398499 50.535099 43 
100.621498 50.572201 43 
100.729202 50.982601 43 
100.730202 51.096298 43 
100.779198 51.427898 43 
100.522499 50.2491 43 
99.446602 49.916 43 
100.625198 49.848999 32 
100.930496 50.465599 39 
101.858498 50.623299 43 
101.509903 50.536201 43 
100.244499 51.336399 43 
100.798599 50.785099 43 
91.741096 24.1866 0 
91.694298 24.2239 0 
91.6567 24.241501 0 
91.583397 24.2369 0 
91.566002 24.2087 0 
91.515404 24.1896 0 
91.497498 24.1371 0 
91.398804 24.1327 0 
91.315697 24.117201 0 
91.225899 24.0271 0 
91.148102 24.0515 0 
91.089699 24.083401 0 
90.962502 24.0888 0 
90.848297 24.0452 0 
90.769096 24.003401 0 
90.701401 23.954599 0 
90.593002 23.9473 0 
90.514503 23.922001 0 
90.420601 23.9338 0 
90.0578 23.815399 0 
92.163597 24.538 0 
91.796799 24.4722 0 
91.484001 24.6952 0 
91.244598 24.5464 0 
90.816002 24.433399 0 
90.403198 24.2931 0 
90.807999 23.5856 0 
90.387802 23.5492 0 
160.488098 56.014198 14 
160.574799 55.983398 11 
160.7005 55.981499 12 
160.588898 55.957001 27 
160.606705 55.987499 11 
160.634796 55.967899 13 
160.538193 55.9119 25 
160.647903 55.9398 21 
160.696106 55.939899 27 
160.556793 55.958099 15 
160.496506 55.965 24 
122.017799 24.3216 9 
122.239601 24.1646 9 
122.706596 23.884399 9 
121.802002 23.6369 8 
122.104103 23.617701 9 
122.412903 23.5065 8 
122.687202 23.405899 9 
122.013702 23.1735 1 
122.150803 23.0914 9 
121.543198 22.835199 9 
122.264099 22.472601 9 
122.482597 22.3466 8 
120.105499 21.969801 1 
122.107201 21.923 9 
119.495399 21.6698 1 
120.128799 21.609501 8 
121.364098 21.599701 9 
124.052597 42.859901 55 
125.217796 42.456402 55 
116.110802 42.006599 55 
117.0494 41.997002 10 
118.150002 42.378399 55 
116.081703 42.696098 55 
117.070099 42.670799 50 
117.885803 42.926399 34 
118.771896 42.902401 55 
119.693199 42.8913 35 
120.584 42.525398 55 
121.5467 42.682201 30 
122.410301 42.8204 49 
123.286797 42.9786 43 
126.654198 43.074501 47 
127.816101 42.7654 54 
128.738495 42.744099 34 
116.123001 43.307301 55 
116.958199 43.402802 55 
118.803398 43.425098 55 
119.677299 43.370701 13 
120.602997 43.372501 43 
121.495003 43.388401 55 
124.318398 43.458599 55 
127.615402 43.593201 55 
128.753006 43.393002 55 
129.674393 43.391399 44 
130.547607 43.337502 55 
115.956299 44.240002 51 
117.053398 44.131599 55 
117.916901 44.0928 39 
118.983902 44.061798 52 
121.568298 44.185902 54 
122.349998 44.109501 55 
123.258499 44.122898 55 
125.339798 44.355202 55 
125.961098 44.095901 54 
126.914398 44.060101 45 
127.910698 44.334702 21 
128.336899 43.7882 41 
129.6008 44.107601 36 
130.556595 44.060501 55 
115.991798 44.849098 41 
117.062798 44.802502 53 
117.814003 44.786499 38 
118.763199 44.783798 55 
119.708298 44.773499 23 
120.704201 45.004101 55 
121.738998 44.879601 39 
122.845398 44.897301 55 
123.727097 44.837399 48 
124.540398 44.8055 55 
125.969704 44.801102 45 
127.598297 44.9049 55 
128.710907 44.814999 34 
130.543304 44.853298 55 
131.201401 45.295898 48 
116.163902 45.535301 54 
116.9757 45.4352 37 
118.027702 45.444199 55 
118.806297 45.513599 55 
119.954498 44.3083 55 
120.576103 45.534599 54 
121.4953 45.4249 55 
123.222801 45.5075 55 
124.142601 45.491001 35 
125.9701 45.4855 49 
126.877502 45.493198 41 
127.818604 45.528599 23 
128.742905 45.342098 47 
129.736496 45.106998 55 
130.535095 45.462399 54 
132.497299 45.9207 54 
129.689499 45.825802 40 
116.634697 46.069698 55 
117.915298 46.170898 55 
118.801102 46.2132 55 
119.6819 46.247601 44 
120.635803 46.176399 53 
121.460403 46.1698 48 
122.507797 46.349701 47 
123.2892 46.168098 42 
124.207298 46.1539 40 
125.0896 46.1856 54 
126.056297 46.207199 55 
126.915199 46.185501 55 
127.879501 46.119099 51 
128.559906 46.460899 26 
130.531998 46.214699 55 
131.426697 46.1078 54 
132.831406 46.514999 37 
133.655807 45.994301 54 
120.731903 46.926498 54 
121.514397 46.785599 55 
122.430199 46.926998 54 
123.343498 46.896 55 
124.205902 46.893101 53 
125.0522 46.879002 54 
125.959297 46.897598 55 
126.6297 47.312 28 
128.0569 47.065601 52 
128.811996 47.227402 32 
129.7948 46.946201 55 
131.036194 47.049599 39 
131.9207 46.778099 55 
133.287399 47.0196 55 
119.300697 47.605301 41 
120.286499 47.493698 52 
121.292 47.562302 53 
121.941498 47.665401 22 
124.036697 47.648602 52 
124.994904 47.605701 55 
125.833801 47.570999 40 
127.193199 47.701401 44 
127.988297 47.6717 55 
129.805496 47.600899 55 
131.668396 47.602501 53 
132.599396 47.6744 54 
133.5802 47.581402 40 
132.525604 47.2994 54 
128.940308 43.117699 35 
127.080704 43.7146 24 
124.978302 44.583199 31 
123.583298 45.262798 26 
122.619797 45.733601 22 
121.1213 46.5853 19 
118.1474 48.1744 34 
149.092804 27.766001 23 
150.326599 27.441799 0 
149.707993 28.049101 22 
150.554199 28.2738 23 
150.995407 28.723801 17 
151.491699 27.813601 22 
154.490906 28.929701 19 
154.237198 29.7521 19 
155.244003 29.351299 21 
155.239197 28.492201 21 
155.108505 27.7988 21 
92.192001 23.162001 0 
92.375198 22.725599 0 
91.642998 22.677999 0 
90.983002 23.200001 0 
91.514999 24.1898 53 
92.018997 25.179001 0 
91.237099 25.0005 0 
92.135002 24.497999 0 
92.199997 21.775 0 
90.057999 23.815001 0 
90.029999 24.604 0 
102.632797 32.916199 1 
101.697899 33.77 0 
102.032097 32.445702 1 
103.617401 32.768902 1 
103.619797 33.5798 14 
100.830803 36.392502 27 
100.100304 36.2122 27 
101.111198 35.856998 24 
101.088799 35.5835 20 
102.006897 37.816898 17 
102.444504 34.059601 1 
100.852501 36.618301 21 
100.8983 34.901798 14 
102.026398 38.119999 10 
102.315002 38.6506 11 
102.437401 32.489201 1 
102.046799 34.0023 1 
102.420799 37.6819 16 
102.972099 33.5774 0 
101.946098 38.0131 11 
102.7658 38.131901 25 
101.382797 36.0117 17 
102.137901 34.483299 2 
103.1008 38.563599 19 
102.4776 33.404598 1 
100.544701 35.260502 11 
101.951202 35.4925 21 
103.076897 37.612099 10 
99.436302 35.423302 11 
101.977798 36.109798 17 
101.561203 36.451698 21 
99.990303 35.6003 1 
102.6717 38.452499 25 
101.456398 35.039902 17 
102.416702 38.891701 26 
142.0849 44.8017 284 
142.9384 44.3218 284 
144.9944 44.0563 284 
143.7084 43.7625 284 
145.7379 43.3673 284 
144.4851 42.9820 284 
141.2286 42.9672 284 
143.6711 42.9298 284 
142.4145 42.8208 284 
140.1406 42.3928 284 
142.9625 42.2391 284 
140.4107 41.1619 284 
141.3831 41.1016 284 
140.5097 40.4689 284 
141.5833 40.1217 284 
141.5932 39.3772 284 
141.5301 38.9762 284 
140.5833 38.2585 284 
140.1113 39.9555 284 
140.8777 37.2246 284 
140.0898 36.2141 284 
140.2445 36.9267 284 
139.4206 36.6342 284 
138.9822 36.1557 284 
139.8449 34.9745 284 
139.1485 34.2056 284 
139.8024 33.1048 284 
139.7740 32.4508 284 
142.1961 27.0983 284 
139.4501 37.9683 284 
138.4303 37.9046 284 
138.5143 37.2977 284 
137.0257 37.4021 284 
136.6303 36.2017 284 
138.9443 35.5096 284 
138.4181 35.2307 284 
138.1209 35.8363 284 
137.1781 35.7168 284 
138.9938 34.9166 284 
138.0628 34.8738 284 
137.3622 35.2239 284 
136.5747 34.3739 284 
135.8907 33.8652 284 
136.3382 35.1847 284 
135.1604 35.6570 284 
135.5706 34.8635 284 
134.4594 35.0887 284 
135.3478 34.1656 284 
135.4899 33.6782 284 
133.3049 36.2553 284 
132.8862 35.1942 284 
133.5325 34.7682 284 
132.0018 34.3403 284 
131.0364 34.2835 284 
134.4554 34.0606 284 
132.9319 33.9734 284 
133.4691 33.8272 284 
134.0367 33.5795 284 
132.8200 33.1781 284 
130.2530 33.5052 284 
129.2065 34.1359 284 
129.7237 32.8870 284 
128.7572 32.7177 284 
130.9151 32.6063 284 
131.3062 33.4701 284 
131.3875 32.8179 284 
131.2321 31.8931 284 
130.3486 31.9698 284 
130.7830 31.5160 284 
130.9093 31.1945 284 
130.4099 30.3781 284 
129.3001 28.1571 284 
128.2153 26.7567 284 
127.3038 26.2328 284 
123.0070 24.4550 284 
124.1789 24.4119 284 
117.0200 30.5800 284 
117.3756 31.4727 284 
117.2974 32.9055 284 
116.2164 31.3986 284 
118.2801 32.2855 284 
117.4689 32.6442 284 
115.8031 32.9460 284 
116.2704 31.3487 284 
116.7900 33.9817 284 
117.1420 31.8240 284 
116.8039 32.6335 284 
118.0577 31.7696 284 
118.3778 29.7061 284 
118.2625 32.8106 284 
118.3778 30.6992 284 
115.8839 31.6889 284 
116.5010 31.7150 284 
116.1420 31.3400 284 
118.5689 31.6927 284 
116.4800 33.3500 284 
116.9842 31.3480 284 
117.8591 33.5576 284 
116.0859 31.4361 284 
117.8190 30.9246 284 
116.2400 39.9100 284 
116.5700 39.7900 284 
116.1100 39.8600 284 
116.6900 39.6200 284 
116.5600 40.0000 284 
116.2100 40.5700 284 
116.6400 40.6300 284 
117.0000 40.0500 284 
116.8300 40.4700 284 
115.9700 39.6900 284 
116.6500 40.2100 284 
116.2300 40.2500 284 
116.4100 39.8900 284 
115.9700 40.3400 284 
116.8800 39.8300 284 
116.8300 40.1500 284 
116.3200 39.5200 284 
115.6800 39.9600 284 
119.4735 39.8254 284 
116.1700 40.0200 284 
117.9158 41.0153 284 
119.0962 39.7585 284 
116.3447 39.7506 284 
118.3278 39.7522 284 
116.4264 40.0811 284 
116.3093 39.9459 284 
115.8217 41.6645 284 
114.3082 38.2482 284 
114.4414 40.6530 284 
114.9797 39.5103 284 
116.5956 40.8994 284 
116.0817 40.1017 284 
116.5602 40.3944 284 
117.2544 40.1397 284 
115.8138 39.6611 284 
115.5231 40.4406 284 
117.2170 40.3072 284 
115.4930 40.0836 284 
117.1276 40.5371 284 
115.0628 38.8639 284 
116.4534 38.8469 284 
116.0936 38.9594 284 
115.0428 40.4783 284 
115.1331 40.1572 284 
115.9222 39.6881 284 
117.6761 40.1919 284 
108.6461 31.9627 284 
107.2325 29.9050 284 
106.5730 29.4222 284 
107.4375 29.7263 284 
108.7958 29.5639 284 
105.4431 29.3793 284 
108.3847 30.2444 284 
106.9167 28.8750 284 
108.4607 30.7520 284 
107.8265 29.1881 284 
109.6107 31.4010 284 
106.8273 29.8583 284 
116.3500 25.8400 284 
117.4300 23.7100 284 
120.2600 27.1200 284 
119.2900 25.7000 284 
119.3700 26.0100 284 
118.7300 26.3700 284 
117.5200 25.0100 284 
118.9600 24.9800 284 
119.9200 26.3500 284 
117.0300 25.1300 284 
118.9100 26.3800 284 
117.1900 26.3500 284 
119.5600 26.6800 284 
118.1900 26.6200 284 
118.5200 27.9100 284 
117.3400 24.4000 284 
119.0100 25.4500 284 
119.4700 25.2200 284 
119.7600 25.5000 284 
118.5900 24.9400 284 
116.4500 25.0300 284 
119.4800 27.4000 284 
117.4800 27.3300 284 
117.1800 26.9100 284 
118.0100 27.7500 284 
118.0800 24.4500 284 
117.1200 25.7200 284 
118.2300 25.3400 284 
116.6300 24.7000 284 
118.1100 26.0400 284 
118.8600 27.3600 284 
117.6300 24.4700 284 
116.6400 23.6700 284 
114.3000 22.0600 284 
111.2100 21.6500 284 
113.7200 22.8800 284 
116.2100 23.8200 284 
111.0100 22.0500 284 
113.6500 23.6500 284 
110.5500 21.9300 284 
113.2300 23.5200 284 
112.3000 24.0400 284 
114.4200 23.2400 284 
114.5900 23.7200 284 
115.7000 23.4300 284 
115.2700 24.1000 284 
114.4600 24.3600 284 
112.3900 24.8000 284 
114.6500 23.6600 284 
116.1400 24.3200 284 
117.0100 23.4300 284 
117.2800 23.2600 284 
116.1400 23.2900 284 
112.8000 21.7100 284 
111.0000 21.4400 284 
113.5800 24.8600 284 
116.6300 23.4200 284 
115.3700 22.7900 284 
113.3500 23.0900 284 
114.1400 22.5500 284 
112.8800 22.2700 284 
116.5100 23.1300 284 
114.6600 23.7400 284 
114.6400 23.7800 284 
113.0300 22.5700 284 
110.9300 22.3500 284 
111.9400 22.4200 284 
112.2500 21.7100 284 
111.9500 21.8600 284 
111.6000 21.7500 284 
113.3600 24.1300 284 
113.5700 22.2700 284 
110.3800 21.3900 284 
112.5400 23.1800 284 
113.3600 22.4900 284 
115.1700 23.7000 284 
95.8000 40.5167 284 
104.1302 36.5809 284 
105.7613 33.7312 284 
103.2304 34.0601 284 
94.8314 40.0401 284 
99.8167 39.4000 284 
108.4608 36.2504 284 
102.0114 37.8314 284 
105.0701 35.6911 284 
102.1102 38.3907 284 
107.2705 36.5896 284 
102.9115 35.0100 284 
98.7412 39.3907 284 
105.7713 35.5309 284 
104.0902 37.1903 284 
98.2104 39.8114 284 
103.3606 34.6711 284 
103.2630 35.6275 284 
95.5008 41.0901 284 
103.8444 36.0833 284 
103.2504 39.0700 284 
102.0601 34.0200 284 
104.0200 34.4307 284 
107.9215 35.5609 284 
106.6811 35.4508 284 
97.7412 39.7003 284 
95.9215 39.4908 284 
101.3330 38.7713 284 
103.8845 37.5356 284 
102.7613 37.6210 284 
99.6110 38.8414 284 
106.0206 34.3425 284 
104.9917 33.3606 284 
105.0500 34.6611 284 
104.6811 32.9516 284 
104.1000 35.0400 284 
103.3205 36.8013 284 
98.6411 40.3907 284 
106.3005 34.9316 284 
100.5309 39.0915 284 
107.0180 35.7781 284 
109.2125 21.6525 284 
106.5565 23.8951 284 
107.3540 22.3734 284 
107.9883 23.7489 284 
107.9466 21.6718 284 
107.1860 22.8385 284 
109.6180 23.0553 284 
110.3661 25.2911 284 
108.0215 24.6729 284 
111.5673 24.4258 284 
109.2810 22.4202 284 
108.1512 22.8911 284 
107.5781 23.3277 284 
106.7512 22.1301 284 
108.6364 22.2764 284 
107.1680 24.9823 284 
109.1010 21.0306 284 
111.2339 23.4808 284 
108.6101 23.9483 284 
110.1730 22.6351 284 
107.5175 24.0293 284 
106.0552 26.1518 284 
105.3497 27.2435 284 
108.1300 28.2200 284 
107.9860 26.5438 284 
106.7488 25.4249 284 
104.9000 25.0400 284 
108.8132 27.2121 284 
106.8510 27.7663 284 
114.2960 36.0841 284 
111.3200 34.8000 284 
113.6100 34.7100 284 
113.4410 35.4475 284 
113.2400 34.6100 284 
112.4490 35.1629 284 
113.2130 35.2675 284 
111.0400 34.0183 284 
112.4700 34.5500 284 
113.8348 36.0614 284 
112.2700 33.1400 284 
113.2980 33.7116 284 
115.0100 35.7700 284 
115.0900 35.9000 284 
115.4180 31.7905 284 
115.6400 34.4600 284 
113.8381 34.0304 284 
114.5390 35.6618 284 
114.0120 32.1326 284 
114.1833 35.1500 284 
114.6400 33.6600 284 
113.7450 33.1334 284 
111.5254 32.5527 284 
114.1200 31.4986 284 
109.4951 30.2763 284 
110.7240 31.9381 284 
110.0213 29.9036 284 
115.8940 30.1350 284 
112.1688 31.1191 284 
113.8389 29.8160 284 
108.8821 30.3718 284 
115.1551 31.1315 284 
111.6160 31.3919 284 
112.7733 30.4497 284 
112.6898 29.6463 284 
110.7186 32.5968 284 
113.3900 31.6300 284 
111.7971 30.2010 284 
114.3538 30.5429 284 
112.0416 32.0025 284 
114.4106 29.7158 284 
110.8421 31.2600 284 
111.3155 30.7836 284 
111.2111 30.2136 284 
115.1124 30.0227 284 
110.4319 32.9864 284 
112.7273 31.1724 284 
110.2167 32.2497 284 
109.7110 32.3240 284 
116.8400 38.3400 284 
115.8400 40.9100 284 
117.9200 41.0200 284 
119.1000 39.7600 284 
114.0500 36.4300 284 
116.6200 41.2200 284 
116.1600 37.8600 284 
114.9500 36.6200 284 
114.0200 38.3700 284 
115.1800 37.1300 284 
116.0900 38.4500 284 
114.7100 37.4000 284 
113.9500 36.1900 284 
117.4600 38.3900 284 
114.1500 38.0300 284 
118.9900 39.2300 284 
118.4700 40.5900 284 
114.3900 37.4500 284 
115.5600 38.4900 284 
117.7100 41.3200 284 
114.3100 38.0000 284 
114.6300 36.3400 284 
117.1000 38.0600 284 
118.9000 40.4200 284 
114.6900 37.1300 284 
115.5600 38.0100 284 
113.6400 36.5500 284 
114.5500 38.0300 284 
118.4300 39.2500 284 
119.0400 40.1400 284 
114.0500 36.8100 284 
117.7500 41.9300 284 
114.9600 38.2400 284 
115.2200 37.5200 284 
117.4700 40.4100 284 
114.3700 38.5300 284 
118.0200 40.3900 284 
114.6600 38.3500 284 
114.3100 37.1200 284 
115.6600 39.0200 284 
115.3700 39.3500 284 
114.4200 36.7500 284 
116.4400 39.2300 284 
114.3700 37.7900 284 
114.4000 37.6600 284 
115.8500 37.4400 284 
114.5800 38.1500 284 
114.4900 41.4000 284 
114.7800 37.7500 284 
114.9000 40.8300 284 
109.1808 19.2478 284 
110.2616 19.3633 284 
110.0034 19.5968 284 
110.3239 19.6700 284 
108.7292 19.0655 284 
110.2150 19.9285 284 
108.8115 18.6977 284 
109.9957 18.4998 284 
110.1760 20.5812 284 
109.6189 19.5337 284 
110.4762 19.2217 284 
110.7542 19.6656 284 
110.5990 20.0869 284 
109.8400 19.0300 284 
110.6413 19.8887 284 
109.4935 18.2040 284 
110.3151 19.9499 284 
109.4323 19.8082 284 
110.4238 18.8007 284 
110.8704 19.9578 284 
109.5276 18.7972 284 
112.4800 16.3600 284 
110.2795 19.8530 284 
132.1489 46.3296 284 
127.1581 46.9717 284 
127.4030 45.7390 284 
131.0911 44.0572 284 
134.2750 48.3550 284 
130.2364 47.3528 284 
127.4100 50.2530 284 
124.0923 50.3185 284 
129.8660 49.0412 284 
130.3245 46.7325 284 
130.8286 47.5960 284 
128.4996 44.3312 284 
129.5900 44.6200 284 
131.8099 45.6263 284 
122.3490 53.4550 284 
124.5637 48.4844 284 
122.8821 47.5374 284 
127.6181 46.5840 284 
131.0790 45.7422 284 
128.9560 44.0620 284 
131.0930 46.6589 284 
124.6672 52.3361 284 
128.6508 46.0847 284 
126.0230 48.5968 284 
126.1361 48.6718 284 
128.9159 49.0813 284 
128.4036 45.3377 284 
128.5647 47.6345 284 
129.2854 46.4763 284 
113.5059 26.7951 284 
113.0397 25.8187 284 
112.9300 28.1819 284 
112.5189 26.9203 284 
109.9951 27.1145 284 
112.5563 29.5498 284 
111.8900 29.3900 284 
109.7469 28.1483 284 
112.0054 27.7291 284 
113.0769 28.8044 284 
112.3449 27.9915 284 
111.4500 27.2121 284 
111.4603 28.8770 284 
112.3230 28.5771 284 
111.6169 26.2224 284 
110.5567 29.3510 284 
123.7635 45.5980 284 
122.2068 45.5543 284 
126.3685 41.9452 284 
128.0700 42.0700 284 
128.1740 41.4200 284 
124.0450 44.2781 284 
125.4500 43.8000 284 
128.1980 43.3440 284 
126.6640 43.7278 284 
127.3810 42.2576 284 
130.4650 42.6423 284 
127.1400 42.9492 284 
126.3930 42.3517 284 
126.8100 42.3723 284 
125.7170 42.2860 284 
125.1490 42.9476 284 
127.5940 41.9478 284 
126.0780 42.9501 284 
124.0040 45.0061 284 
124.9070 44.0894 284 
123.9005 43.6881 284 
128.1740 42.1882 284 
124.5349 43.1997 284 
124.7600 45.2517 284 
125.6740 43.5389 284 
125.9980 41.6971 284 
123.0310 44.7918 284 
126.5120 41.3621 284 
129.4890 43.0029 284 
126.7519 44.7636 284 
128.1060 42.4100 284 
119.2667 33.2625 284 
120.7147 31.6700 284 
120.0978 31.7725 284 
118.7719 34.5050 284 
118.9831 34.9433 284 
119.0169 31.3531 284 
119.2378 34.3094 284 
119.4300 32.7300 284 
120.6589 32.4989 284 
119.0050 33.6147 284 
120.3031 32.0658 284 
119.5428 31.7342 284 
120.9500 31.3900 284 
119.2833 33.7717 284 
118.9447 32.5150 284 
119.1136 31.6464 284 
119.4189 31.3489 284 
119.2425 34.6414 284 
118.8544 32.0517 284 
120.8906 31.9517 284 
116.9000 34.8000 284 
117.9700 34.5200 284 
121.6853 31.8364 284 
119.8300 34.9200 284 
121.1353 32.4014 284 
118.1564 33.5444 284 
118.3067 34.0500 284 
120.3600 33.7400 284 
119.9192 32.4092 284 
120.2228 31.5253 284 
119.8467 32.8886 284 
118.3892 34.3808 284 
119.5422 34.4981 284 
118.4900 33.0700 284 
117.1658 34.2314 284 
120.0200 33.3700 284 
119.4472 32.1483 284 
115.3940 25.1430 284 
114.3640 25.3908 284 
116.1940 29.2563 284 
115.7280 27.9325 284 
115.3320 28.5635 284 
114.9750 25.7903 284 
115.7740 25.6063 284 
117.2610 29.2754 284 
114.1610 26.5618 284 
115.0445 27.0635 284 
116.0100 29.6474 284 
116.2470 28.2122 284 
115.8480 27.4101 284 
114.8170 24.7694 284 
116.5760 27.5393 284 
115.8000 28.7700 284 
116.3310 26.2987 284 
117.9760 28.4434 284 
114.8030 26.3652 284 
114.5630 29.0397 284 
115.6080 24.9954 284 
114.3700 27.8090 284 
115.6060 29.0832 284 
116.6250 28.8260 284 
123.0134 41.1054 284 
120.6987 41.7833 284 
123.7797 41.2670 284 
121.7641 41.5991 284 
120.4853 41.5733 284 
124.3903 40.1457 284 
121.6283 38.9062 284 
123.3468 42.5083 284 
123.9167 41.8833 284 
121.5993 42.0528 284 
122.3663 40.4133 284 
122.2555 41.3148 284 
123.5833 39.9000 284 
122.2555 40.9883 284 
125.3538 41.2788 284 
122.7716 42.5846 284 
119.8769 40.8286 284 
121.1399 41.0754 284 
124.7821 40.7410 284 
123.9500 41.8300 284 
119.3823 41.2187 284 
123.2833 41.2667 284 
124.5889 41.7679 284 
124.9286 42.0788 284 
120.9660 40.7219 284 
123.5780 41.8278 284 
123.9000 42.2667 284 
121.9874 39.6298 284 
124.7120 42.7420 284 
122.8678 42.0709 284 
123.2595 40.2745 284 
122.6032 40.6835 284 
122.6300 43.3000 284 
119.9500 47.1700 284 
115.2700 41.9000 284 
112.0258 40.9650 284 
110.4280 41.7100 284 
109.8800 40.7400 284 
105.7168 38.8461 284 
118.9800 42.3000 284 
121.1770 47.9734 284 
111.0480 40.7279 284 
107.0540 41.0947 284 
121.4600 50.7800 284 
111.5600 40.8700 284 
111.8440 40.3762 284 
119.6590 45.4689 284 
119.7400 49.2700 284 
122.8900 46.7313 284 
113.1520 40.9968 284 
117.5450 43.2445 284 
112.5109 40.5411 284 
118.0540 43.6221 284 
120.8820 44.5462 284 
120.7780 51.2719 284 
117.4400 49.5545 284 
118.8750 41.7251 284 
123.4880 48.1703 284 
111.6734 39.8988 284 
111.9228 43.6860 284 
120.1120 43.8630 284 
108.0800 41.3000 284 
111.7060 41.5191 284 
122.0300 46.0400 284 
106.8392 39.6645 284 
119.8890 42.2545 284 
116.7860 48.6518 284 
116.0800 43.9000 284 
108.7340 40.7398 284 
122.6520 48.0293 284 
106.1701 35.9639 284 
105.6008 36.5012 284 
106.3393 35.4863 284 
106.3313 38.1011 284 
106.0829 37.6962 284 
106.6599 39.2830 284 
106.6968 38.8074 284 
106.2827 37.3032 284 
105.7580 36.0877 284 
105.2029 37.2490 284 
105.9328 38.6086 284 
107.4372 37.7785 284 
105.2441 37.5857 284 
100.7270 32.9486 284 
101.6973 36.9439 284 
100.2484 34.4782 284 
95.3759 37.9324 284 
97.3775 37.3807 284 
98.1195 36.2822 284 
94.8145 36.1984 284 
90.7138 37.8664 284 
102.2481 36.0737 284 
101.1918 36.6562 284 
102.3972 36.5514 284 
93.4144 38.8189 284 
101.4500 36.3553 284 
101.8392 35.9929 284 
102.1214 36.9182 284 
101.1814 35.8714 284 
98.2081 34.9199 284 
101.4000 37.4716 284 
102.7842 36.3687 284 
100.1818 38.1497 284 
95.8297 34.1709 284 
101.9749 36.2682 284 
98.8953 37.2491 284 
102.0096 35.5191 284 
92.3206 34.2187 284 
99.8089 35.5070 284 
101.7247 36.6278 284 
102.4976 35.8625 284 
97.0155 33.0119 284 
95.3169 32.8943 284 
104.4311 31.6380 284 
105.3365 30.0521 284 
102.8131 30.3715 284 
103.1877 27.8097 284 
106.7445 31.8408 284 
103.7578 30.9100 284 
105.9504 31.7070 284 
103.4542 29.5767 284 
102.1726 30.1173 284 
100.0185 31.6101 284 
102.2528 26.6530 284 
104.3979 29.5717 284 
102.9867 32.0637 284 
104.7361 28.6396 284 
106.8402 30.4163 284 
102.5242 32.8130 284 
104.5456 31.0045 284 
104.5156 28.1789 284 
101.5125 28.9958 284 
105.5597 32.2054 284 
103.9276 29.7939 284 
104.2363 33.2573 284 
103.5703 28.2722 284 
100.8615 27.7143 284 
100.2694 30.0004 284 
105.4136 28.8724 284 
103.5336 28.8405 284 
103.0408 30.0748 284 
102.2239 31.9039 284 
103.1346 28.3274 284 
101.2719 27.9324 284 
102.1739 28.3326 284 
102.5424 27.3839 284 
104.5482 32.4157 284 
101.7425 26.5033 284 
105.2277 32.5932 284 
102.9647 33.5815 284 
100.9799 32.2687 284 
102.3495 29.2260 284 
102.7500 26.8553 284 
103.6031 32.6497 284 
102.7643 30.0735 284 
106.1967 32.1771 284 
103.5876 31.4790 284 
103.7895 29.0526 284 
99.7917 28.9417 284 
105.9016 31.0183 284 
107.7175 31.3738 284 
102.3579 30.9950 284 
102.4478 27.8622 284 
104.1025 30.2009 284 
101.0117 30.0344 284 
105.3612 31.2120 284 
102.2596 27.8486 284 
101.6776 27.4669 284 
103.5689 30.8692 284 
104.6729 31.7925 284 
119.2200 36.3700 284 
120.9100 38.3900 284 
120.7400 37.9100 284 
115.8700 34.9400 284 
118.0500 34.8500 284 
118.5000 37.4700 284 
116.7500 35.1000 284 
117.6700 38.0100 284 
116.3000 37.4500 284 
118.9800 37.1200 284 
121.3200 36.8200 284 
115.4400 35.2500 284 
117.0400 36.6400 284 
116.3500 35.4000 284 
118.8500 35.1700 284 
118.9000 35.5400 284 
120.7200 36.9900 284 
116.0300 36.4300 284 
118.6900 34.9500 284 
120.5100 37.5500 284 
118.4900 36.4100 284 
116.0800 35.8100 284 
121.0000 37.2200 284 
117.9800 35.5200 284 
120.4000 36.0600 284 
122.4200 37.1700 284 
121.6000 36.9200 284 
119.5200 35.4200 284 
117.3100 37.2000 284 
118.4600 34.7000 284 
117.1000 36.2500 284 
121.9200 37.1800 284 
119.1200 36.7000 284 
122.0900 37.5100 284 
119.2000 35.7500 284 
117.7600 35.9500 284 
118.6300 35.7900 284 
121.3900 37.5200 284 
117.0100 35.3800 284 
124.9270 29.1246 284 
121.5333 31.5833 284 
122.0667 30.5833 284 
119.7975 30.4478 284 
120.9033 31.0775 284 
121.7556 31.0475 284 
121.2592 30.7922 284 
121.4353 31.2186 284 
121.1860 31.1000 284 
121.1483 31.0783 284 
120.4942 31.2892 284 
121.1419 31.0578 284 
109.0372 32.6698 284 
109.1454 34.9740 284 
110.0633 35.4067 284 
109.7197 34.4009 284 
110.1667 34.5200 284 
107.4325 33.2532 284 
106.9940 32.9890 284 
108.7528 34.7089 284 
109.3756 34.1128 284 
109.2124 34.3523 284 
107.8064 34.6766 284 
106.7670 34.9390 284 
106.1395 33.3568 284 
107.8170 34.1283 284 
106.8002 33.2293 284 
108.3234 33.3253 284 
109.4267 35.0583 284 
108.2172 34.5697 284 
109.8740 33.5124 284 
110.8654 33.5180 284 
110.2312 37.4946 284 
107.2852 34.0707 284 
109.1251 35.3920 284 
108.9242 34.0317 284 
107.7161 32.9101 284 
109.3254 36.8721 284 
110.5075 38.8559 284 
108.3242 34.0553 284 
112.2500 36.1600 284 
111.0010 38.9549 284 
113.1800 36.2244 284 
113.0557 39.0518 284 
112.7410 37.9294 284 
111.4100 35.5800 284 
113.7208 39.6684 284 
111.8990 36.6099 284 
112.4360 37.7123 284 
111.7198 38.7784 284 
113.2910 35.6906 284 
111.3667 36.0883 284 
111.2418 37.5290 284 
114.0210 39.3823 284 
111.9509 38.0411 284 
112.3360 38.6870 284 
111.5135 39.4516 284 
113.2374 40.1416 284 
113.7131 40.0845 284 
112.5782 37.3671 284 
113.0030 38.4300 284 
111.2367 35.1200 284 
112.9460 36.6677 284 
110.9500 36.7000 284 
113.7208 37.5690 284 
112.4070 35.4424 284 
114.1577 39.9550 284 
110.6462 34.8389 284 
112.8067 39.2289 284 
112.3693 40.0235 284 
113.3483 40.2723 284 
113.3502 37.0993 284 
117.2190 39.1708 284 
117.2750 39.7319 284 
117.7430 39.1294 284 
117.4610 39.6108 284 
117.1050 38.7781 284 
117.1500 39.1344 284 
117.3690 39.2292 284 
117.3230 38.8325 284 
117.2370 39.1094 284 
117.3700 39.3958 284 
117.7540 39.5686 284 
117.5030 38.9298 284 
117.7930 39.2414 284 
117.1330 39.5806 284 
116.8610 38.9408 284 
117.4960 40.0764 284 
117.7380 39.3750 284 
117.0980 39.0283 284 
117.0210 39.2050 284 
118.0020 39.2433 284 
117.3820 38.6325 284 
117.5170 39.0528 284 
117.5560 38.7497 284 
116.8530 38.7697 284 
117.5240 39.7581 284 
117.3440 39.0272 284 
117.1920 38.6606 284 
117.2480 39.9100 284 
117.1990 39.2719 284 
88.1276 47.8842 284 
93.0142 43.5233 284 
90.5139 45.2839 284 
87.1790 46.9930 284 
89.6300 46.9700 284 
88.5767 43.5250 284 
86.5520 48.2310 284 
85.7680 46.7700 284 
89.4410 42.9760 284 
88.1732 42.2682 284 
84.8149 45.6565 284 
85.8100 41.8899 284 
87.0606 43.6378 284 
84.2750 45.5639 284 
84.1670 42.0220 284 
90.2959 43.8086 284 
90.7300 46.4910 284 
85.4810 37.2930 284 
87.5614 43.8653 284 
88.8280 38.9730 284 
85.6869 43.9172 284 
85.8500 44.2000 284 
86.6531 43.7133 284 
83.1670 46.9380 284 
88.0878 43.8886 284 
89.0320 44.9010 284 
87.6950 43.6544 284 
87.6853 43.4569 284 
84.6408 44.1231 284 
85.4570 44.6590 284 
94.0020 41.9440 284 
97.1700 31.1400 284 
91.0700 30.5300 284 
94.3400 29.6700 284 
90.3900 28.9700 284 
91.1200 29.7100 284 
91.7500 29.8500 284 
92.0900 31.4500 284 
87.2300 31.8000 284 
90.1500 29.4300 284 
88.8700 29.2300 284 
91.7500 29.2200 284 
88.8300 33.2000 284 
99.1466 25.1180 284 
99.2585 23.1364 284 
101.5356 25.0293 284 
101.3164 25.7268 284 
103.1866 26.0922 284 
99.9475 26.1088 284 
105.6202 23.6249 284 
103.1596 23.3535 284 
98.6707 27.7449 284 
106.6640 26.4590 284 
100.1512 26.5490 284 
102.7475 25.1483 284 
101.1993 26.5871 284 
100.7351 23.5019 284 
100.7382 22.0194 284 
103.2234 22.7825 284 
102.7598 23.6504 284 
102.7475 25.1483 284 
99.9206 22.5524 284 
100.0689 23.8785 284 
100.2322 26.8956 284 
104.2911 24.8856 284 
102.4497 25.5408 284 
98.8518 25.8317 284 
103.5752 25.4273 284 
98.5925 24.4245 284 
99.5796 22.3365 284 
103.3885 24.4058 284 
101.5276 21.4259 284 
104.7024 23.1284 284 
102.9434 26.9095 284 
101.0140 22.7756 284 
98.5197 25.0289 284 
102.7881 24.1128 284 
100.2540 25.6093 284 
98.0709 24.0851 284 
104.2518 23.4076 284 
104.1357 26.0881 284 
104.2315 28.1117 284 
102.1440 24.7002 284 
99.2454 24.0357 284 
100.7683 26.6941 284 
101.9780 23.5659 284 
99.3717 25.8854 284 
101.8607 25.6894 284 
100.1475 24.4348 284 
103.7179 27.3221 284 
99.6984 27.8232 284 
121.8329 29.8873 284 
118.4130 29.4695 284 
119.6578 31.0865 284 
120.8476 30.3831 284 
120.1140 30.2665 284 
120.0952 30.8423 284 
120.8877 30.7802 284 
119.6304 27.9805 284 
118.9578 30.1433 284 
121.5202 29.9837 284 
121.7042 29.2458 284 
119.0635 27.6164 284 
122.4507 30.7055 284 
121.0373 29.1451 284 
120.6677 27.9271 284 
118.8256 28.6961 284 
119.2708 29.4817 284 
120.8622 29.4818 284 
120.1052 29.8938 284 
121.3262 29.8008 284 
120.2008 28.9621 284 
121.0803 28.4149 284 
121.0939 29.9534 284 
122.1165 30.0378 284 
