>1
120.4987 12.717858
119.801948 13.38588
119.424529 14.024871
119.337438 15.070484
119.279377 16.203234
119.192286 17.306942
119.395499 17.742617
120.329471 18.368733
121.25275 19.644328
121.384647 21.315798
121.464393 22.643131
122.392566 23.610365
124.141881 23.337237
125.435908 23.47852
127.958698 24.804719
129.642915 26.287128
130.556339 27.356015
132.584507 30.186856
133.771399 31.665021
135.228314 32.596268
137.865393 33.35391
140.015085 34.215613
142.009393 35.036588
>2
67.313159 27.022447
67.647019 27.639652
67.559927 28.176983
67.429279 28.728834
67.530897 29.353298
67.632503 29.759926
67.835728 29.934194
68.097001 29.818015
68.319476 29.426593
68.517965 29.077371
68.744668 28.815671
69.040524 28.598134
69.3889 28.554565
69.722761 28.699792
69.984046 28.917624
70.274362 29.469478
70.390484 30.137511
70.477586 30.486049
70.637253 30.921718
70.463071 31.154082
70.230816 31.560709
70.15824 31.996378
70.375968 32.591795
70.796932 32.824154
70.971115 33.158164
71.348521 33.303397
71.551746 33.710018
71.450139 34.08761
71.53723 34.436147
72.132377 34.42162
72.596863 34.276399
72.959766 34.044041
73.197769 33.920389
73.405318 34.03811
73.43951 34.207793
73.372794 34.346234
73.349209 34.498029
73.379148 34.573547
73.65066 34.458265
73.840788 34.198713
74.009424 34.051693
74.114441 33.898495
74.197587 33.685762
74.332228 33.501946
74.503844 33.342557
74.768012 33.263821
75.060292 33.193055
75.221906 33.122519
75.425972 32.919489
75.649547 32.669448
75.654466 32.382103
75.722563 32.140691
75.711784 31.92971
75.966839 31.597588
76.362952 31.122401
76.726934 30.844903
76.945346 30.670469
77.222712 30.505215
77.482263 30.403484
77.692383 30.264256
77.923454 30.184387
78.113235 29.977666
78.386413 29.858376
78.49682 29.732045
78.648904 29.546278
78.987395 29.456699
79.335132 29.315372
79.581651 29.275608
79.798188 29.097596
80.045509 29.125896
80.25443 29.01389
80.497836 29.002132
80.633052 28.870175
80.946473 28.807473
81.239776 28.6476
81.405808 28.393745
81.711734 28.084282
81.93331 27.942996
82.167716 27.918621
82.465966 27.697095
83.008348 27.762657
83.381731 27.731903
83.72548 27.655102
83.937359 27.470679
84.171907 27.321569
84.540108 27.354316
84.836444 27.339221
85.100863 27.255782
85.433139 27.171882
85.756739 27.085213
86.057422 26.955062
86.249215 26.845962
86.400704 26.758078
86.595815 26.66429
86.857754 26.667189
87.003357 26.802281
87.247022 26.814362
87.541593 26.797707
87.869536 26.747972
88.193197 26.800226
88.366527 26.860091
88.620046 26.948025
88.772263 26.977393
88.925632 26.942655
89.188406 26.81306
89.463568 26.749326
89.748852 26.76367
90.161692 26.787475
90.415097 26.907487
90.785767 26.793415
91.188041 26.877489
91.597645 26.849471
92.024628 26.897243
92.519556 26.983763
92.796235 27.071519
93.025849 26.928557
93.304375 26.963342
93.749174 27.051477
93.86146 27.260539
93.919541 27.369366
94.177961 27.532966
94.425297 27.740272
94.916579 28.009125
95.33767 28.277973
95.65349 28.4124
95.771297 28.548792
96.495683 29.353383
96.905081 29.156915
97.267707 28.939763
97.735581 28.598529
97.431453 28.277973
96.530773 27.678231
96.087279 27.44545
95.774211 27.272779
95.248734 27.021017
94.978509 26.834479
94.691043 26.644657
94.389378 26.435067
94.21712 26.242957
94.009123 26.04517
93.862592 25.822231
93.66538 25.574451
93.490362 25.312515
93.223611 24.951465
93.0152 24.682667
92.781648 24.358303
92.626169 24.113277
92.558309 23.797417
92.531419 23.555712
92.553621 23.152179
92.700418 22.564747
92.832432 22.14409
92.942207 21.838491
93.101345 21.352921
93.293319 20.871856
93.480501 20.406184
93.759507 19.800057
94.021318 19.275414
94.199293 18.822131
94.283339 18.17828
94.283339 17.742617
94.196236 17.335984
93.993024 16.726046
93.615617 15.941834
93.238199 15.2738
92.74467 14.663862
92.367264 13.87965
92.047918 12.892121
91.815663 11.875556
91.699541 10.888027
91.670511 9.958593
91.728572 9.145339
91.989857 8.332082
92.338233 7.518827
92.686609 6.879839
92.831761 6.269898
93.005955 5.079059
93.238199 4.178668
93.557544 3.365412
94.283339 2.813561
95.154274 2.145528
96.054251 1.709856
96.838101 0.867557
97.738072 -0.758958
98.260636 -1.514123
99.247704 -2.995411
>3
127.557694 29.314396
127.501303 29.257982
126.93748 29.286183
126.232692 29.370798
125.147432 29.566941
124.313421 29.683686
123.755064 29.739674
123.255167 29.768315
122.55437 29.858447
121.583421 29.977445
120.594481 30.077844
120.063571 30.208098
119.518282 30.532586
118.979016 30.70645
118.264681 30.905687
117.579184 31.069135
117.239251 31.193081
116.565766 31.334947
116.125595 31.563461
115.75041 31.794323
115.353621 31.882416
114.640252 31.876974
113.963338 32.112551
113.510329 32.334949
112.994709 32.647354
112.594581 32.962959
112.539235 32.981019
111.649256 33.401012
111.281577 33.698189
110.687823 33.965217
110.017373 34.171116
109.798541 34.491232
109.505318 34.708768
108.701266 34.659504
108.411157 34.53977
107.863702 34.53169
107.415079 34.651591
107.059196 34.755869
106.931042 34.878913
106.873806 34.908366
106.609446 35.073983
106.461298 35.250332
106.366671 35.820458
106.392676 36.333633
106.35056 36.74031
106.388022 37.262729
106.427107 37.87166
106.385594 38.287998
106.686188 38.655368
106.974526 39.168613
107.048013 39.538123
106.956605 39.754127
106.96021 40.169399
107.084832 40.421566
107.583828 40.725027
108.31567 40.56776
109.087858 40.484928
109.724986 40.33498
110.598167 40.298525
111.38933 40.163354
111.84417 40.091534
112.149683 40.153135
112.339735 40.149905
112.669308 40.061473
112.889349 40.021623
113.066233 40.001959
113.10407 39.703971
113.470053 39.592941
113.762931 39.77654
114.079186 39.790642
114.197411 39.749425
114.665522 39.829986
114.874353 39.921664
115.22536 40.132473
115.390636 40.219994
115.582718 40.244316
116.015569 40.189183
116.399551 40.006742
116.665222 39.880514
116.803577 39.713816
116.884767 39.56848
117.012582 39.420619
117.260225 39.219018
117.589067 39.05928
117.70782 38.88285
117.832697 38.697323
118.093371 38.493515
118.30716 38.365293
118.597374 38.21083
118.76796 38.063499
118.908335 37.88641
118.939866 37.684924
119.111762 37.442309
119.380481 37.371104
119.619076 37.385564
119.879329 37.471555
120.034915 37.449397
120.453773 37.637873
120.718292 37.743003
121.258568 37.739464
121.749873 37.574014
122.276245 37.480956
122.720733 37.542991
123.432757 37.710371
123.936158 37.867758
124.54969 37.914972
125.304803 37.899236
126.610526 37.741844
127.444297 37.537243
128.498308 37.364115
129.426475 37.143772
130.622066 36.844736
131.91203 36.608653
133.044722 36.624393
134.350445 36.482743
135.325774 36.608653
136.293109 36.817281
136.80561 36.925627
137.901922 37.144236
138.163522 37.187102
>4
88.143797 38.170358
88.687076 38.232916
89.043303 38.226066
89.721651 38.361652
90.186117 38.49575
90.488854 38.630752
91.129773 38.744634
91.796297 38.955983
92.262429 39.050873
93.188112 39.296924
93.729954 39.397975
94.216384 39.453889
94.727847 39.493679
95.100277 39.394401
95.303357 39.335414
95.587953 39.252751
95.839654 39.048132
96.170025 38.827801
96.484647 38.623183
96.98806 38.465796
97.522933 38.418587
98.073532 38.387115
98.344625 38.360175
98.590436 38.316412
98.809467 38.246623
99.042172 38.183472
99.417223 38.113493
99.740233 38.097147
100.026138 38.077349
100.496188 38.02511
100.842283 37.867724
101.267034 37.710338
101.546027 37.62292
101.883297 37.488518
102.576515 37.302631
102.712627 37.270257
102.839774 37.221069
102.954116 37.151355
103.024297 37.048179
103.222758 36.757727
103.419319 36.346767
103.582995 35.952046
103.80594 35.535117
103.896718 35.108607
103.928529 34.40779
103.844121 33.837241
103.78934 33.488266
103.80417 33.242436
103.655035 32.754636
103.685464 32.472837
103.735181 32.188643
103.634786 31.874514
103.601758 31.555246
103.414593 31.248578
103.262865 30.943588
102.897679 30.712456
102.649751 30.437578
102.526472 30.243545
102.316098 30.025393
102.257991 29.900905
102.152246 29.571119
102.300119 29.071921
102.267553 28.917669
102.22748 28.710485
102.177373 28.410898
102.154831 28.181362
102.210365 27.95975
102.472204 27.612985
102.632675 27.196706
102.718412 26.838591
102.653803 26.565199
102.675767 25.809104
102.666169 25.484907
102.676472 25.170018
102.614963 24.8457
102.574131 24.579704
102.446016 24.04511
102.411962 23.741568
102.133709 23.800568
101.736016 24.017717
101.478659 24.31759
101.19794 24.638143
100.917197 24.906995
100.753452 25.062102
100.566298 25.217207
100.602455 25.643862
100.629424 26.090919
100.727503 26.682438
100.540773 26.929179
100.379144 27.243932
100.133492 27.336997
99.769018 27.697516
99.560349 27.895383
99.443375 28.009125
99.092452 28.246956
98.683055 28.546827
98.297042 28.567505
97.794079 28.608868
>5
74.524244 39.736447
74.21863 39.805686
73.801314 39.824772
73.428002 39.757216
72.490116 39.660233
71.70295 39.503003
70.743235 39.19059
70.083171 38.996747
69.548541 38.689074
68.500478 38.085927
66.685962 37.092519
66.313361 36.827268
66.531191 36.915994
67.906615 37.655138
69.398442 38.505171
70.314027 38.863169
71.055091 39.046933
71.636992 39.186807
72.003554 39.238966
72.717516 39.304642
73.218388 39.339745
73.791542 39.274732
74.119062 39.23758
74.481677 39.042547
74.785799 38.903235
75.043138 38.7825
75.125017 38.392433
75.195202 37.472987
75.464235 37.277953
76.060789 36.655701
76.318126 36.674277
76.727526 36.581402
77.019954 36.553541
77.745177 36.47924
78.084394 36.451379
78.575674 36.330644
78.996771 36.219196
79.406171 36.163471
79.745386 35.987011
80.143088 36.014875
80.692857 35.912712
81.160742 35.922
81.56597 36.030589
81.839408 36.103863
82.096512 36.172759
82.365544 36.209908
83.032287 36.284207
83.675622 36.674277
84.345059 36.885206
84.729465 37.041812
85.274529 37.182209
85.430028 37.250714
85.997943 37.516407
86.470525 37.69361
87.374182 37.877321
87.861156 38.027161
88.145847 38.162715
>6
142.315675 55.590137
139.851917 55.508714
137.180629 55.35179
134.902786 55.013889
132.805224 54.597617
131.267269 54.571299
129.37434 55.06799
127.81615 55.452736
125.075616 55.760552
123.268227 56.321069
121.32126 56.810081
119.034575 56.835999
117.047708 56.907119
115.582536 56.844045
113.19914 56.758582
111.299433 56.270578
110.64282 56.024057
110.050784 55.770225
109.374192 55.262539
108.505786 54.52986
108.102972 53.931816
107.338299 53.388714
106.404547 52.840019
105.714096 52.265159
105.152423 51.926769
103.819618 51.761885
102.990529 51.959953
101.847093 52.639527
>7
106.003354 20.587896
105.38959 21.200335
104.643766 21.931008
104.314198 22.263324
103.996156 22.603516
103.836653 22.768238
103.691146 22.972517
103.5402 23.163474
103.396133 23.533864
103.26222 23.749201
103.151794 23.991965
103.20238 24.411153
103.2081 24.929575
103.213742 25.21132
103.288639 25.504284
103.223829 25.943019
103.104863 26.235334
103.101376 26.478051
102.995582 26.847983
102.98583 27.090572
103.076875 27.310571
103.283164 27.524224
103.513093 27.757177
103.614374 27.874696
103.799858 27.996213
103.89648 28.105209
103.887331 28.26326
103.880011 28.389695
103.746691 28.602571
103.744035 28.683626
103.727193 28.879195
103.630094 29.04163
103.505 29.247039
103.30843 29.374927
103.198546 29.767204
103.01984 30.000721
102.980793 30.086202
102.968673 30.180299
102.994768 30.293833
103.092294 30.456235
>8
103.09518 30.459027
103.333598 30.753385
103.402248 30.804028
103.709536 31.067681
103.987364 31.386322
104.22148 31.728395
104.250162 31.910775
104.305253 32.314743
104.38726 32.559905
104.49653 32.931166
104.704111 33.229811
104.70707 33.468862
104.697619 33.655243
104.695389 33.882488
104.824044 34.027248
105.046288 34.089295
105.79495 34.38916
106.157553 34.502909
107.151821 34.347804
107.78344 34.130652
108.61394 33.996225
109.30408 33.944523
109.872521 33.865325
110.540986 33.689285
111.169823 33.466249
111.883913 33.194864
112.539235 32.981019
112.57669 32.963344
>9
101.836038 52.650846
100.240191 53.795905
98.717846 53.965134
97.392816 54.134362
95.926873 54.190764
94.827404 53.570274
93.925296 53.062588
92.515708 52.780544
90.908807 52.413885
89.583776 52.160042
88.625266 51.962612
86.877406 51.793383
85.016787 51.736981
84.030076 51.201094
83.381685 50.52419
83.381685 49.3396
83.212525 48.521669
83.071566 47.619123
82.009015 47.185177
81.924092 46.641607
81.143184 46.028549
80.376402 45.723928
78.522919 45.314582
>10
138.107375 37.100179
137.732707 37.044986
137.083478 36.77065
136.525372 36.433726
136.239902 36.274435
135.817301 36.097126
135.274181 36.005267
134.787609 35.846651
134.089549 35.780471
132.927644 35.465063
132.12679 34.958431
131.169141 34.426773
130.240448 33.807383
129.734496 33.613478
129.214694 32.644326
129.02728 32.264201
128.653274 30.995072
128.382169 30.421899
127.512231 29.309452
127.444924 29.201569
127.291143 28.906056
127.000305 28.592355
126.553202 27.860962
125.533711 26.646375
125.121253 26.351861
124.481771 26.036963
123.051155 25.664906
120.088898 25.201924
119.66638 24.97068
119.011295 24.667391
118.344884 24.314863
117.699926 24.02535
117.167477 23.549368
116.484434 23.152726
114.902751 22.627416
113.031752 21.882807
112.514035 21.533457
112.026765 21.104511
111.429485 20.469879
110.733404 20.073715
109.857491 19.788544
109.242452 19.713185
108.415809 19.727332
107.299914 19.771751
106.420561 20.119862
106.006969 20.590257
>11
99.302992 28.133207
99.531083 27.784511
99.704966 27.459954
99.962539 26.979449
100.022435 26.747536
99.927085 26.412436
99.889748 26.156507
100.085343 25.891809
100.238806 25.54853
100.567527 25.225541
100.916767 24.886902
101.161233 24.647859
101.46391 24.30922
101.754951 23.940698
102.080921 23.661816
102.558194 23.462618
102.977292 23.323177
103.39639 23.133938
103.652479 22.944693
103.92025 22.655852
104.187998 22.396894
104.500116 22.056718
>12
78.533144 45.29285
77.086524 44.711885
76.170948 44.269373
74.186835 43.65859
73.209315 43.245872
71.800904 42.944208
70.803908 42.945781
69.918661 42.578926
69.229549 41.978219
67.904565 41.667969
66.913869 41.393908
65.395509 41.132084
64.443995 40.770689
62.858252 40.370562
63.252973 40.144925
64.446605 40.432805
65.377414 40.657296
66.410467 40.906448
67.622647 41.103877
68.582831 41.448959
69.866779 41.769604
70.681124 42.323993
71.423713 42.57584
72.382308 42.672287
74.299643 43.25103
75.332798 43.426521
76.516212 43.920307
77.384831 44.347226
78.554225 44.741051
80.664257 45.236945
81.447566 45.489205
82.040242 46.041359
82.897427 46.839937
83.586704 47.304
84.230057 47.737145
84.450515 48.63694
84.650313 49.452416
85.588024 49.802473
86.539132 50.157532
87.751359 50.580592
89.189101 51.003664
90.175812 51.11648
91.021564 51.370323
91.528997 51.624166
91.923673 51.736981
93.361461 51.70878
93.953497 51.765182
95.842316 51.877998
97.1673 51.90621
98.729856 51.971631
100.149921 51.883538
100.7738 51.800876
101.354464 51.782698
101.833005 51.668948
102.495806 51.626347
103.143871 51.708576
103.969142 51.568525
>13
138.408477 37.445776
137.8262 37.456832
136.48994 37.395593
135.514564 37.26968
134.350445 37.190986
133.018376 37.213101
132.132292 37.222465
131.125467 37.490028
130.157859 37.755833
128.826209 38.030806
127.28698 38.371401
126.099183 38.525718
125.381327 38.711848
124.925805 38.741462
124.423629 38.80894
123.946807 38.871948
123.497663 38.944321
123.057556 39.021204
122.612017 39.12467
122.192693 39.231201
122.104121 39.294075
122.008759 39.49523
122.062291 39.862732
122.188918 40.113789
122.532711 40.483776
122.834198 40.795169
122.457405 40.968302
122.237165 41.015511
121.922512 40.881722
121.466316 40.795168
121.167406 40.527616
120.78985 40.18136
120.412294 40.03971
119.861695 39.787894
119.358283 39.724937
118.84996 39.8183
118.014765 40.081072
117.50899 40.145397
116.984347 40.265555
116.691888 40.347025
116.49873 40.459712
116.238593 40.482584
115.533819 40.722903
115.209754 40.79187
114.764239 40.872562
114.510882 40.787659
114.09798 40.718464
113.799433 40.653827
113.312519 40.686198
112.897416 40.793173
112.639011 40.792711
112.24921 40.845508
112.063381 40.977458
111.839093 40.959536
111.56508 40.884822
111.269906 40.747606
110.564865 40.652774
110.137449 40.635909
110.06279 40.730787
109.193565 41.002376
108.739902 41.302474
108.09655 41.273669
107.772012 41.362842
107.482595 41.346088
107.066543 41.492127
106.51905 41.742366
106.175925 41.949878
105.922896 42.442678
105.463731 42.809559
105.264413 43.450858
104.841924 44.512643
104.436973 45.477979
104.103154 46.313622
103.774844 46.671361
103.465053 47.235313
103.171805 48.19581
103.198892 48.769557
103.393909 49.782619
103.690466 50.386414
104.106857 50.877801
104.464932 51.181887
104.957285 51.46406
105.560933 51.609565
105.823292 51.680424
106.31007 51.937693
106.844519 51.983322
106.918671 52.278576
107.18507 52.518013
108.133838 52.885129
108.412093 53.192301
109.451216 53.336601
110.186394 53.721039
110.559526 54.16426
111.325822 54.535876
111.912206 54.948576
112.476057 55.224656
112.89851 55.510693
113.699926 55.668273
114.63621 55.724737
115.778712 55.821689
>14
115.731076 55.823444
116.248847 55.860783
116.753928 55.962836
118.024314 56.176042
119.489056 56.395118
120.732316 56.226261
122.74262 55.922713
123.887103 55.400711
126.737617 55.119059
128.083347 54.967331
130.191892 54.37085
130.743978 54.161036
131.940797 54.098162
133.110717 54.12426
134.770088 54.488237
136.955142 54.839634
139.335065 55.102754
140.875061 55.096832
142.358187 55.206137
>15
103.969613 51.563619
103.651618 51.102852
103.254349 50.29421
103.029781 50.016102
102.886561 49.3664
102.741865 48.82416
102.642792 48.307293
102.686975 47.825961
102.937866 47.403692
103.388764 46.761214
104.205057 45.075632
104.985034 43.20467
105.001627 42.752398
105.127263 42.586888
105.38694 41.868488
105.589859 41.180275
105.844114 40.418795
105.870988 39.789882
105.95938 39.368689
105.74856 39.028709
105.660167 38.359389
105.740931 38.03871
105.770231 37.904078
105.768932 37.75091
105.342883 37.414436
104.753965 37.388601
104.290144 37.400473
103.95153 37.439823
103.642494 37.521479
103.312132 37.647393
102.950307 37.741811
102.745798 37.851988
102.565103 38.049333
102.46263 38.229729
101.917088 38.668814
101.671829 38.861852
101.352961 38.93056
100.783906 39.244205
100.293133 39.380756
99.938258 39.60868
99.588246 39.720234
99.325377 39.89786
98.30071 40.039934
97.837365 40.06433
97.496306 40.017578
96.961178 40.008871
96.531845 39.960977
96.044169 39.850823
95.525031 39.787855
95.116014 39.693437
94.738457 39.630468
94.057773 39.524212
93.652974 39.488819
93.36968 39.448951
93.091717 39.396028
92.776618 39.336785
92.387211 39.257165
91.828533 39.265441
91.384045 39.265441
90.951239 39.274732
90.518455 39.293308
90.021571 39.178054
89.687956 39.070408
89.360442 38.986824
88.857456 38.99611
88.494852 38.89395
88.190724 38.754639
88.03866 38.661765
87.863199 38.55032
87.442109 38.411009
87.032699 38.271697
86.728583 38.141677
86.424455 37.946643
85.909776 37.695882
85.563219 37.633576
84.980806 37.415309
84.651862 37.316656
83.741034 37.132076
83.484017 36.987875
82.778634 36.691907
82.268892 36.652719
81.702797 36.486126
81.355152 36.366918
81.004426 36.347129
80.874315 36.501953
80.809273 36.65828
80.571347 36.793244
80.22497 36.822873
79.874056 36.915747
79.569931 36.943608
79.312593 37.017907
78.856405 37.073629
78.435308 37.138642
77.908937 37.259377
77.090137 37.277953
76.814284 37.250526
76.666409 37.32703
76.538539 37.718686
76.356661 38.086418
76.233934 38.460583
75.912865 38.680179
75.780104 38.959466
75.736151 39.268187
75.600141 39.416139
75.243817 39.533406
74.965091 39.622652
74.551703 39.721667
>16
142.414468 55.15365
142.61482 54.189762
142.648221 52.945131
142.694964 52.478026
142.401108 51.431044
142.274237 51.009579
142.220797 50.665483
142.220797 49.848235
142.347684 49.15427
142.374396 48.564303
142.307612 48.306711
142.214108 48.040811
142.060509 47.611595
141.840108 47.010446
141.479468 46.245982
141.105468 45.647704
140.938525 45.245915
140.617949 44.471691
140.243933 43.482411
140.10368 43.15489
140.10368 42.814202
139.923357 42.149035
139.816509 41.202763
139.662896 40.429414
139.549373 39.654315
139.382396 39.09991
139.175357 38.406955
139.068509 38.148875
138.373949 37.374651
137.893085 36.944539
>17
141.800068 34.860097
140.73146 35.728401
139.769796 36.451993
138.353898 37.379103
138.701188 37.175585
>18
142.040462 34.998684
142.280894 35.31345
142.628182 35.746253
143.002174 36.238076
143.162462 36.454477
143.509758 37.22172
143.830318 37.929944
144.04403 38.461112
144.124174 38.65784
144.337886 39.720176
144.47147 40.389052
144.605038 40.939896
145.753742 41.549756
146.448318 41.903864
148.53203 43.261296
150.108174 44.244936
151.844606 45.267928
154.382462 47.038488
156.359326 48.769704
159.698622 51.130456
161.034334 52.114088
162.183038 52.979704
163.144766 53.707592
163.679038 54.651896
164.026334 55.379784
>19
135.784024 -0.318605
135.337944 -0.318605
134.704792 -0.361773
133.985304 -0.318605
133.45288 -0.275441
132.647048 -0.160325
131.107344 0.156235
129.66836 1.393707
129.409344 2.429731
129.294228 3.134799
128.761804 4.170823
128.071096 4.991007
127.66818 6.027031
127.524284 6.760879
127.351608 8.717815
127.0782 9.653103
126.704066 10.689135
126.43066 11.797103
125.869458 12.919455
125.452154 14.056207
125.308257 14.315215
124.862173 14.775663
124.4017 15.092223
123.998786 15.293679
123.552702 15.495119
122.90516 15.610239
122.646144 15.610239
122.099332 15.624623
