>Bangong-Nujiang suture zone
72.363052 38.036156
72.807521 38.188239
73.536721 38.232499
74.592860 37.840113
75.069818 37.432512
75.722430 36.880463
77.342051 35.414368
78.265886 34.473526
78.776688 34.317340
79.589895 33.943656
79.744834 33.845006
80.012183 33.754646
80.601903 33.542598
83.936021 32.673378
84.969935 32.488768
86.591950 32.350347
88.406887 32.412519
89.999258 32.311919
90.655372 32.166858
91.790361 31.859996
94.035426 31.792155
96.040791 31.168962
97.018635 30.346035
97.730466 29.491496
98.092735 28.821036
