79.112581 33.461854
79.292539 33.448011
79.437890 33.427247
79.652456 33.378797
79.818571 33.337268
79.963922 33.295739
80.088509 33.261131
80.206174 33.247288
80.351525 33.205760
80.517641 33.164231
80.683756 33.122702
80.829107 33.095016
80.981380 33.053487
81.112888 33.025801
81.202867 33.005037
81.424354 32.956586
81.618155 32.908136
81.832721 32.852764
81.978072 32.804314
82.137266 32.755864
82.248010 32.728178
82.365675 32.686649
82.483340 32.665884
82.573319 32.638198
82.725592 32.603591
82.843257 32.596670
83.002451 32.555141
83.230860 32.520533
83.383132 32.499769
83.507719 32.472083
83.618462 32.458240
83.736127 32.430554
83.867636 32.402868
83.999144 32.389025
84.109887 32.375182
84.192945 32.375182
84.310610 32.347496
84.414432 32.319811
84.511333 32.299046
84.615155 32.271360
84.753585 32.264439
84.871250 32.257517
84.947386 32.250596
85.078894 32.257517
85.217324 32.236753
85.355753 32.229831
85.473418 32.215988
85.584162 32.209067
85.757199 32.202145
85.867942 32.202145
85.971765 32.181381
86.089430 32.181381
86.186330 32.181381
86.345524 32.153695
86.477032 32.139852
86.622383 32.132931
86.760813 32.126009
86.864635 32.126009
87.003065 32.119088
87.099965 32.119088
87.176102 32.112166
87.266081 32.112166
87.362981 32.112166
87.508333 32.105245
87.591390 32.098323
87.709055 32.098323
87.812877 32.091402
87.930543 32.091402
88.020522 32.084480
88.117422 32.084480
88.207402 32.084480
88.325067 32.084480
88.442732 32.084480
88.629612 32.105245
88.837256 32.126009
89.003372 32.146774
89.134880 32.146774
89.273309 32.167538
89.377131 32.167538
89.487875 32.167538
89.557090 32.188302
89.667833 32.188302
89.785498 32.209067
89.910085 32.209067
90.020829 32.215988
90.145415 32.222910
90.256159 32.222910
90.346138 32.222910
90.470725 32.209067
90.581468 32.202145
90.692212 32.174460
90.816799 32.174460
91.010600 32.146774
91.142108 32.132931
91.273616 32.119088
91.446653 32.070637
91.585083 32.029108
91.709669 31.980658
91.834256 31.959894
91.979607 31.897600
92.104193 31.856072
92.214937 31.821464
92.360288 31.793778
92.491796 31.759171
92.616383 31.745328
92.713283 31.710721
92.858634 31.676113
92.990142 31.655349
93.100886 31.641506
93.260080 31.627663
93.336216 31.620741
93.453881 31.606898
93.571546 31.599977
93.675369 31.599977
93.806877 31.593055
93.986835 31.599977
94.097579 31.599977
94.242930 31.593055
94.360595 31.586134
94.478260 31.572291
94.602847 31.572291
94.727433 31.558448
94.852020 31.558448
94.969685 31.558448
95.128879 31.544605
95.267308 31.537684
95.419581 31.530762
95.544167 31.530762
95.751812 31.454626
95.834870 31.399254
95.945613 31.316196
96.028671 31.267746
96.160179 31.184688
96.243237 31.115474
96.319373 31.053180
96.443960 30.963201
96.596232 30.852457
96.686211 30.762478
96.803876 30.679420
96.907698 30.596363
96.997678 30.527148
97.122264 30.423326
97.219165 30.333347
97.302223 30.264132
97.426809 30.146467
97.537553 30.049566
97.613689 29.952665
97.752119 29.835000
97.862862 29.717335
97.987449 29.585827
98.084350 29.482005
98.208936 29.392026
98.333523 29.267439
98.465031 29.115167
98.555010 28.969816
98.638068 28.859072
98.707283 28.776014
98.797262 28.665271
98.894162 28.533763
98.949534 28.436862
98.997985 28.346883
99.046435 28.229218
99.129493 28.118474
99.226393 27.986966
99.267922 27.862379
99.309451 27.765479
99.364823 27.640892
99.406352 27.543991
99.440959 27.460934
99.482488 27.322504
99.524017 27.225603
99.586310 27.128703
99.634760 27.017959
99.690132 26.934901
99.731661 26.851844
99.787033 26.782629
