>Indus–Yarlung suture
72.706553 36.075466
73.242840 36.242506
73.638819 36.304131
74.245533 36.255307
75.260166 35.842817
75.476416 35.706055
76.190269 35.299195
77.224393 34.783863
77.994312 34.218276
78.415502 34.032275
79.083993 33.234230
79.602699 32.792210
80.204576 32.063710
80.730038 31.519324
81.634036 30.936627
83.338044 30.445796
84.779224 29.659902
85.341297 29.526346
86.380378 29.413792
89.992014 29.291348
90.425046 29.330506
91.719509 29.336794
92.979164 28.952341
93.947969 29.149376
94.360668 29.283669
94.935514 29.575599
95.183201 29.767469
95.474204 29.771693
95.512493 29.432529
95.294762 28.977859
95.904648 28.342116
96.470320 28.045967
96.632480 27.947283
96.730075 27.857935
97.042639 27.596445
97.305124 27.219688
97.336318 26.699784
97.184210 26.031525
96.492289 25.105926
96.249071 24.455646
96.125645 23.269484
96.179288 23.185397
96.167526 22.454490
96.220842 21.551540
96.297745 19.886421
