81.831037 35.125747
81.993259 35.077080
82.131148 35.060858
82.277148 35.036524
82.439370 35.036524
82.601592 35.036524
82.780036 35.028413
82.950370 35.028413
83.145036 35.028413
83.282925 35.028413
83.558703 35.044635
83.720925 35.060858
83.899369 35.077080
84.110258 35.077080
84.280591 35.077080
84.467146 35.077080
84.661813 35.077080
84.848368 35.093302
85.002479 35.093302
85.156590 35.101413
85.367479 35.117635
85.529701 35.133858
85.700035 35.133858
85.846034 35.133858
85.975812 35.133858
86.162368 35.133858
86.300256 35.133858
86.430034 35.117635
86.584145 35.109524
86.713923 35.109524
86.876145 35.109524
87.062700 35.101413
87.200589 35.101413
87.330367 35.085191
87.484478 35.085191
87.646700 35.068969
87.800811 35.052747
88.003589 35.020302
88.198255 35.020302
88.384811 35.020302
88.563255 35.004080
88.774144 34.987858
88.903921 34.971636
89.066144 34.963524
89.244588 34.955413
89.414921 34.947302
89.552810 34.947302
89.690699 34.939191
89.869143 34.914858
89.982699 34.890524
90.185476 34.882413
90.339587 34.882413
90.558587 34.849969
90.688365 34.833747
90.826254 34.833747
90.899253 34.825636
91.061476 34.809413
91.199364 34.776969
91.402142 34.744525
91.613031 34.736413
91.759031 34.695858
91.986142 34.655302
92.156475 34.630969
92.286253 34.590414
92.424141 34.541747
92.562030 34.541747
92.732363 34.501191
92.870252 34.468747
93.000030 34.452525
93.081141 34.436303
93.194696 34.436303
93.389363 34.387636
93.559696 34.355191
93.689474 34.355191
93.900363 34.306525
94.135585 34.265969
94.314029 34.217303
94.492473 34.184858
94.654696 34.128080
94.792584 34.087525
95.019695 34.022636
95.214362 33.925303
95.400917 33.844192
95.538806 33.779303
95.701028 33.714414
95.838917 33.649525
95.944361 33.584636
96.082250 33.519748
96.220139 33.471081
96.390472 33.389970
96.568917 33.308859
96.731139 33.203414
96.909583 33.081748
97.000000 33.000000
98.000000 31.900000
99.000000 29.600000
99.800000 27.300000
