>Jinshajiang suture
78.690497 34.341683
79.471831 34.271225
80.005700 34.330650
80.731109 34.474568
81.551351 34.748037
82.241850 34.964404
83.161578 35.099628
83.706775 35.124059
84.939782 34.953298
85.495975 34.846742
86.543292 34.793386
87.655277 34.956861
88.776655 34.989783
89.985083 34.828600
90.557072 34.752769
91.882057 34.486541
93.752966 34.255008
94.225219 34.112663
94.845793 33.739587
96.802461 32.487724
98.147322 31.296231
98.541740 30.728002
98.775934 29.522010
98.863878 28.647227
98.893305 28.156780
99.191555 27.457131
99.572313 25.738284
99.812038 25.302183
99.944356 25.232483
100.382435 24.731117
100.552201 24.607670
100.624587 24.408697
100.432853 23.107262
100.928738 21.933523
100.871461 21.512140
100.579849 20.920434
100.184607 20.362584
100.089525 20.187555
