86.183802 37.380395
86.321691 37.372284
86.435247 37.356061
86.597469 37.347950
86.767802 37.323617
86.905691 37.323617
87.051691 37.323617
87.189580 37.307395
87.351802 37.299284
87.457246 37.299284
87.603246 37.274950
87.708690 37.266839
87.822246 37.234395
87.952024 37.201950
88.057468 37.161395
88.187246 37.112728
88.341357 37.031617
88.471134 36.974839
88.584690 36.926173
88.738801 36.877506
88.884801 36.828840
89.006467 36.796395
89.128134 36.739617
89.241689 36.731506
89.371467 36.690951
89.549911 36.658506
89.663467 36.626062
89.785134 36.593618
89.890578 36.593618
90.036578 36.577395
90.174467 36.536840
90.336689 36.512506
90.458355 36.480062
90.580022 36.431395
90.742244 36.398951
90.896355 36.366507
91.050466 36.334062
91.180244 36.309729
91.334355 36.261062
91.488466 36.220507
91.577688 36.204284
91.748021 36.163729
91.894021 36.115062
92.031910 36.074507
92.145465 36.042062
92.356354 36.001507
92.494243 35.977173
92.688910 35.944729
92.826798 35.936618
92.964687 35.920396
93.110687 35.887951
93.232354 35.887951
93.370242 35.871729
93.524353 35.847396
93.670353 35.847396
93.824464 35.831174
93.978575 35.823062
94.100242 35.814951
94.246242 35.798729
94.424686 35.798729
94.586908 35.790618
94.716686 35.790618
94.830242 35.790618
94.935686 35.790618
95.041130 35.790618
95.187130 35.790618
95.333130 35.782507
95.471019 35.774396
95.600797 35.774396
95.746796 35.758174
95.917130 35.758174
96.046907 35.758174
96.168574 35.741951
96.306463 35.741951
96.460574 35.741951
96.557907 35.741951
96.663351 35.741951
96.776907 35.733840
96.874240 35.717618
96.987796 35.709507
97.117573 35.709507
97.223018 35.709507
97.304129 35.701396
97.425795 35.701396
97.515018 35.693285
97.612351 35.685174
97.717795 35.660840
97.815129 35.660840
97.969240 35.620285
98.082795 35.620285
98.172017 35.595951
98.293684 35.563507
98.415350 35.522952
98.512684 35.498618
98.642461 35.474285
98.820906 35.401285
98.958794 35.328285
99.112905 35.263396
99.242683 35.190396
99.413016 35.109285
99.623905 34.971396
99.769905 34.890285
99.964572 34.792952
100.167350 34.679396
100.337680 34.630730
100.597240 34.509063
100.735130 34.460397
100.864900 34.427952
101.035240 34.403619
101.221790 34.354952
101.392130 34.322508
101.724680 34.298174
101.976130 34.265730
102.122130 34.233286
102.268130 34.233286
102.730460 34.176508
103.103570 34.144063
103.476680 34.144063
103.866010 34.135952
104.093120 34.144063
104.312120 34.144063
104.563570 34.144063
104.725790 34.144063
104.847460 34.144063
105.042120 34.144063
