>Main Boundary Thrust (Himalaya)
71.921255 34.025107
73.430477 33.785518
73.826456 33.847143
74.258212 33.321040
74.869404 32.869950
75.681586 32.593535
76.961463 31.923699
77.085488 31.259213
77.625981 30.583957
78.149472 30.441838
79.277766 29.500543
80.001954 29.230800
80.593975 29.018678
81.550040 28.665212
82.856497 27.828350
84.359436 27.568979
85.834570 27.074929
85.994208 26.997259
87.156428 26.763049
88.466167 26.677806
89.867864 26.799440
90.707009 26.812115
91.379824 26.796047
92.094860 26.897101
93.139366 27.142387
93.884167 27.327263
95.149355 27.882546
95.383152 27.996277
96.028558 28.302658
96.461302 28.036660
96.752805 27.862433
95.951673 27.528341
94.971011 26.879223
94.354913 26.155224
93.668769 24.960041
93.420355 24.280713
93.155905 22.905821
93.092821 21.793117
93.197120 21.142781
93.479816 20.385074
