76.987121 31.305897
77.118562 31.221399
77.193671 31.118124
77.325112 30.996071
77.484719 30.864630
77.616161 30.695634
77.738213 30.629914
77.954152 30.517250
78.188868 30.442141
78.282755 30.357643
78.376641 30.226202
78.536249 30.000874
78.667690 29.888210
78.874240 29.784935
79.108956 29.691049
79.249786 29.625328
79.400005 29.531441
79.550223 29.428166
79.747385 29.315502
79.953935 29.268559
80.132320 29.277948
80.460922 29.259171
80.639307 29.184061
80.977298 29.062009
81.277735 28.968122
81.521840 28.846070
81.775334 28.648908
82.019439 28.414192
82.244766 28.320305
82.507649 28.179475
82.808086 28.094978
83.117911 28.010480
83.437125 27.954148
83.803283 27.879039
84.084942 27.860261
84.413545 27.860261
84.591930 27.897816
84.789091 27.841484
84.967476 27.728820
85.145860 27.672488
85.502629 27.569213
85.709179 27.512881
85.906341 27.447161
86.112892 27.343885
86.385162 27.221833
86.638656 27.146724
86.845206 27.062226
87.117477 26.996505
87.352194 26.968339
87.774683 26.912007
88.018788 26.912007
88.309836 26.921396
88.582107 26.968339
88.826212 27.052837
89.013985 27.118558
89.229924 27.081003
89.530361 26.940173
89.727523 26.874453
89.943462 26.883841
90.178178 26.893230
90.319008 26.977728
90.525558 27.034060
90.628834 27.062226
90.816607 26.949562
91.004380 26.921396
91.201541 26.912007
91.379926 26.930785
91.595865 26.968339
91.858747 26.996505
92.149795 27.043448
92.337569 27.090392
92.619228 27.099780
92.807001 27.118558
93.032329 27.071614
93.229491 27.043448
93.407875 27.005894
93.623814 26.996505
93.811587 27.043448
93.952417 27.156112
94.102635 27.353274
94.243465 27.465938
94.487570 27.597379
94.684732 27.691265
94.985169 27.775763
95.201108 27.860261
95.417047 28.019868
95.529711 28.160698
95.651763 28.273362
95.792593 28.320305
95.952200 28.217030
96.121196 28.113755
96.271414 28.085589
96.496742 28.085589
96.684515 28.094978
96.872288 28.151309
96.956786 28.188864
