>North China Craton Soutern Boundary
98.203676 40.142851
98.851066 39.738220
99.100495 39.560417
99.976235 39.257787
100.862609 38.869329
102.832614 38.153273
103.428704 38.103094
104.943212 38.226820
105.628717 38.042893
105.934593 37.692499
106.358576 35.590137
106.572770 34.981132
107.065728 34.566038
107.441315 34.415094
108.732394 34.188679
109.773757 34.102807
110.426507 34.087797
111.954717 33.579902
113.359404 32.604679
114.441589 32.145499
115.784619 31.615980
117.009887 31.362729
>North China Craton Eastern Boundary
120.934087 37.795662
119.811398 36.905480
119.450000 36.600000
119.145363 36.222162
118.797329 35.623783
118.538455 34.887756
118.136394 33.357148
118.071864 33.128366
117.800000 32.400000
