>NE China (Northern bound)
129.210563 53.253090
128.490701 53.177594
126.482859 52.807117
126.132877 52.675497
125.346622 52.368148
123.147262 51.646539
120.674970 50.310942
119.952070 49.892207
119.395291 49.508308
118.339634 48.863607
117.191684 48.037198
116.519397 47.574286
115.227024 47.029217
113.987500 46.439391
112.121839 45.991556
110.462423 45.537971
109.958876 45.488541
109.013146 45.313039
107.550612 45.094940
107.176801 44.906319
106.468032 44.794898
105.491462 44.581819
105.069972 44.518847
104.190931 44.388780
102.615047 44.299813
101.983533 44.098249
101.429870 44.097529
100.033192 44.373408
99.000649 44.512968
98.091162 44.627537
95.370254 45.284636
94.227084 45.442321
92.346763 45.918638
91.206657 46.305709
90.435742 46.626782
90.022223 46.769379
89.425054 47.082135
86.705231 48.216319
86.040530 48.450256
85.021413 48.970447
83.676420 49.684503
