>
129.646769 41.158867
129.430449 41.292857
129.176797 41.471657
129.043513 41.857830
128.974779 41.965465
128.573541 42.170620
127.035511 42.534934
126.614038 42.525883
125.404158 42.114877
123.149562 42.192181
120.768574 41.840537
119.681566 41.742733
119.099526 41.672219
116.446035 41.799649
114.974010 41.716379
112.401560 41.907343
111.395773 41.607833
110.028777 41.731414
109.655594 41.799655
108.122595 41.955151
107.356163 41.878902
107.003264 41.624139
106.301198 40.801060
105.669571 40.467909
105.061034 40.330729
104.826327 40.304759
103.126690 39.926222
102.232820 39.881621
101.785762 39.914645
100.448501 40.300304
100.051429 40.296758
99.499870 40.288578
98.339407 40.147946
97.784577 40.118223
96.141643 39.707429
95.968430 39.607285
95.240930 39.486977
92.930164 39.307816
90.002895 39.402086
89.034267 39.519751
88.756808 39.68356
