105.752 23.0011
106.253 23.2172
106.653 23.4333
106.954 23.5774
107.154 23.7935
107.455 24.2258
107.755 24.586
108.055 24.8742
108.256 25.3065
108.356 25.5946
108.456 26.0989
108.556 26.3871
108.756 26.8194
108.756 27.1796
108.756 27.6118
108.756 28.1161
108.756 28.4763
109.057 28.9086
109.357 29.1247
109.558 29.4129
109.858 29.9172
110.259 30.2054
110.559 30.4215
110.859 30.8538
110.96 31.0699
110.859 31.5022
110.859 31.7183
110.96 32.2226
110.96 32.5828
110.859 33.0871
111.16 33.4473
111.36 33.8075
111.761 34.1677
112.362 34.6
112.662 34.9602
112.962 35.2484
113.163 35.5366
113.163 35.8968
113.363 36.5452
113.363 36.8333
113.463 37.3376
113.563 37.8419
113.563 38.2022
113.864 38.4183
114.164 38.7065
114.364 38.9226
114.865 39.3548
115.266 39.571
115.566 39.9312
115.867 40.0032
116.267 40.0753
116.868 40.1473
117.369 40.3634
117.669 40.5796
117.97 40.9398
118.27 41.228
118.57 41.5882
118.871 42.0204
118.971 42.3086
119.071 42.7409
119.271 43.3172
119.472 43.6054
119.772 44.0376
119.972 44.5419
120.373 44.9742
120.673 45.4065
120.974 45.8387
121.074 46.271
121.274 46.6312
121.374 47.0634
121.675 47.5677
121.875 48.072
122.176 48.4323
122.376 48.7925
122.476 49.2968
122.676 49.657
122.877 50.0172
123.177 50.4495
123.277 50.7376
123.277 51.0978
123.578 51.314
123.477 51.7462
123.277 52.3226
122.977 52.8989
122.676 53.2591
122.276 53.4753
