>Ordos
106.8596762274872 40.14521353067381
106.9476567154551 40.21633581843738
107.0649723259145 40.3123191979306
107.1589478024518 40.3884430717681
107.1902509123256 40.41689585876704
107.2011403061029 40.45079676271071
107.2154725998479 40.48467318550821
107.2364338007203 40.50540108192798
107.2507561882775 40.53668065911312
107.2819456696244 40.55207214652194
107.30988457435 40.57535466487506
107.3169141584597 40.58314021552002
107.330815192401 40.59085097794871
107.3412298584366 40.59597822462572
107.3515907420804 40.59848441814652
107.3689376943733 40.6061543280304
107.3827975566583 40.61124506455678
107.4001565005711 40.61891855885926
107.4175247712874 40.62660124514615
107.4279613830658 40.63173567890387
107.4384611008675 40.63949298638284
107.4523422992411 40.64458587282927
107.466290294235 40.65230340632372
107.4837484067187 40.66260544942932
107.4977728790986 40.6729475164278
107.511672158029 40.67803637077346
107.525641573582 40.68575071250131
107.5396159164752 40.69346455067544
107.5501509947774 40.70121972642661
107.5570394923659 40.70113487893588
107.5711630881681 40.71410229701417
107.5850879801929 40.71919168427652
107.5919820083815 40.71911056023149
107.6059133860298 40.72420367014826
107.6232967625305 40.72925415049065
107.6406115534674 40.73167385677127
107.6545543694556 40.73676265012086
107.6685008759444 40.74185022709136
107.6789254961224 40.74435062099993
107.6963286887987 40.74939272330499
107.7171878827374 40.75438877134349
107.7346003416175 40.75942507642905
107.7484839442997 40.76187051440196
107.7519350363538 40.76182382163541
107.7797284274759 40.76674101971847
107.7935467808141 40.76656704749529
107.8074494341731 40.76902340251146
107.8352621123328 40.7739316959789
107.8561711340287 40.77892539992994
107.8631717175133 40.78146737370999
107.884003123785 40.78382548506743
107.9082067858421 40.78349902905354
107.9255876937126 40.78589715934913
107.9359647666737 40.78575720369056
107.9602789595018 40.78806807216341
107.9811379646484 40.79042152172021
107.9984446118849 40.79018438174059
108.012387303517 40.79262781519947
108.029794988259 40.79502124084176
108.0401826829269 40.79487499399089
108.0645221409892 40.79716558476095
108.0923315065806 40.79940113437525
108.1096553795064 40.79915129166863
108.1269903973227 40.79890877794706
108.1478991587028 40.80125095853261
108.1617712733996 40.80105269706554
108.1896260345234 40.803288162824
108.2069723377943 40.80303372209813
108.2139113555365 40.8029313537175
108.2486113664932 40.80241285211582
108.2729059257568 40.80204323694623
108.2866948789652 40.79920794438367
108.3039536038349 40.7963153268801
108.3142629601092 40.79352271506477
108.3348804988525 40.78793425650469
108.3621843268049 40.77693421114535
108.3794376078887 40.77402608093485
108.3897431714055 40.77122498784521
108.4035223157067 40.76836755628618
108.430960878403 40.76001041664386
108.4412643885228 40.75720418355956
108.4549213383196 40.7517031501589
108.4685862735326 40.74620782596444
108.4924379679259 40.73527024198924
108.4987759285408 40.72197520102859
108.5089579273139 40.7165320487734
108.5219917412143 40.69785115501089
108.5285678871256 40.68982849335891
108.5350218136431 40.6791743104369
108.5448422989233 40.66584124006094
108.5579889836561 40.64980303310799
108.5613339988563 40.64710811835447
108.5778051672464 40.62836718140998
108.5879613946921 40.62291470759705
108.5910541567819 40.61495622537823
108.6076386466806 40.59884892160941
108.6177877632762 40.59339393342157
108.6278082430595 40.58530657618466
108.6379678676759 40.57985789049498
108.6446636574674 40.57447582148122
108.6650043597199 40.56358905315566
108.6750430549432 40.55551275612289
108.6955074557757 40.54724996394965
108.7091491764268 40.54173881858536
108.7194461131072 40.53891951536738
108.7330865086082 40.53340455647572
108.7468599512403 40.53051874017396
108.763841447679 40.52230384022802
108.7774790361643 40.51678192087207
108.7844336493848 40.51665160626438
108.8050260681185 40.51099483218326
108.818662532051 40.50546666207014
108.8359151213081 40.5025008844344
108.8565109529824 40.49683434248963
108.8701471531169 40.49129890000432
108.8837824317674 40.48576141266562
108.9010440959853 40.48278684255747
108.9148251964289 40.47987816494957
108.931941760543 40.4742640858316
108.9457142506508 40.47134658282771
108.9595991980929 40.47104532030654
109.5010052779603 40.35517798523414
109.5494513156439 40.33911120835214
109.5738723899156 40.33480224126011
109.5982579233333 40.33043599939953
109.6174570359631 40.32236361157162
109.6517908219921 40.32136674965265
109.7104500572311 40.31589416086768
109.729863894214 40.31156768460971
109.7539628938884 40.30333966963683
109.7878719377273 40.29481444994286
109.8072779527576 40.29047430466969
109.831362862551 40.28222925527917
109.8509927849561 40.28163482033165
109.8706240763474 40.28103710420252
109.8897960338822 40.27293094896809
109.9239306874844 40.26812768369489
109.9629749299183 40.2631612643907
109.9872887706966 40.25864295634681
110.0165118337249 40.25396434963321
110.0410663735706 40.25318790661941
110.0553221442006 40.24521865656789
110.0698190807931 40.24100081767774
110.103722697873 40.23240161560696
110.1231298464729 40.22801917258759
110.1422865243498 40.21988009772451
110.1616901891636 40.21549052325718
110.1857655099952 40.2071904879862
110.1955992395961 40.20687224474411
110.2245975794389 40.19840938239772
110.2390955677833 40.19417496458553
110.2489302434319 40.19385173437495
110.2880172757753 40.1887986882596
110.3123510704082 40.18422641197611
110.3366848860665 40.17964806050803
110.3612818850553 40.17881659771165
110.3858823315018 40.17797961499051
110.4099644932101 40.16963761115559
110.424735455781 40.16913360195225
110.4835672619545 40.16334736345208
110.5180746108675 40.16215656817725
110.5328662791087 40.16164290400687
110.5720421393221 40.1565104025869
110.5917711945306 40.15581539632436
110.6065698546143 40.15529174669626
110.6509755239994 40.1537093984706
110.6805874372154 40.15264475086766
110.7102059455952 40.15157220605115
110.7296672403679 40.14709751976739
110.7441907626864 40.14280020909712
110.763648821831 40.1383177714319
110.7831068953443 40.13383117667378
110.8176730815718 40.13254390614033
110.8272558153364 40.12841787306397
110.8420724518856 40.1278614742402
110.8763524380872 40.12279854509772
110.9007545397767 40.11810210018305
110.925157179066 40.1133995380322
110.9396781354051 40.10907244519305
110.9643860874698 40.10811756019648
110.9887917895474 40.10339979023884
111.0131984000678 40.09867602713032
111.0474928048791 40.09355604928187
111.0623251006725 40.09296892646953
111.0963251483602 40.0840778789841
111.1201945066601 40.07183715795885
111.1443974881623 40.06335329183037
111.1791197951991 40.06197362984077
111.203627142253 40.05722769973879
111.2182120206585 40.05287551667747
111.2526497361993 40.0477165339527
111.2715897294485 40.03564433859215
111.2858687470668 40.02752534329689
111.309458593269 40.01148460548853
111.323733050098 40.00335824882446
111.3376962742427 39.99147378273927
111.3562926879058 39.97561996956971
111.3652617757741 39.96393216462687
111.3739124683425 39.94848731912413
111.3875142652506 39.93283015981673
111.396156607551 39.91738251196813
111.4047951996655 39.9019340059553
111.4081604400239 39.88294234350478
111.4121590548629 39.87146253683019
111.4238280092013 39.83326704957665
111.4231916639202 39.82575761040498
111.4265473860521 39.80676882319304
111.4348460176557 39.78756400522499
111.433571324773 39.7725475631282
111.4362837940262 39.74605371830052
111.4402690398241 39.73457514582309
111.438446197423 39.71206629043839
111.4375355437638 39.70081211222072
111.4354116009648 39.67455230897279
111.4345018357124 39.66329848288396
111.4231709409209 39.64498723615959
111.4164510102667 39.62270371807317
111.4161490356844 39.61895286401774
111.4042298346391 39.59314219715885
111.3981236846014 39.57836252445264
111.3975223418664 39.57086176818998
111.3859202856092 39.54880458403167
111.3746256848447 39.53049760061604
111.3673389862381 39.50072236479522
111.3612509601401 39.48594570655245
111.3493810502665 39.46014386612551
111.3433014926219 39.44536900634501
111.336336073592 39.41934899403592
111.3302636449519 39.40457596377082
111.3244897279163 39.39355174551143
111.3126783450289 39.36775510182887
111.3118321037849 39.35650990243477
111.3055394215334 39.3379883284404
111.2892069649161 39.3161605276027
111.2780448654239 39.29785963754163
111.2671686221341 39.28330685573721
111.2511417203669 39.26522543914996
111.2354023204724 39.25089122334222
111.2250986658209 39.24383284847494
111.2137543906712 39.22177672846255
111.1983581501236 39.21118321006371
111.187027464892 39.18912450818207
111.171110270487 39.17103041880267
111.1554673872321 39.15668372130981
111.1503430579172 39.15315085330066
111.1293229008571 39.131519046252
111.1285303899182 39.12027186892516
111.1121184991819 39.09467258496448
111.0959811537989 39.07282100092949
111.0848646448318 39.05452096128059
111.0838059691488 39.03952581018684
111.0783706205951 39.03225278959135
111.0670543481233 39.01019514359386
111.0599051198202 38.97665715374825
111.0491158851866 38.96209946787401
111.0332009266835 38.94401204688216
111.0280706579871 38.94048250583072
111.0170372760652 38.92217540494646
111.0113942096014 38.91114716062018
111.0042078857339 38.877623019552
110.9967710907332 38.8403481320852
110.9903682612583 38.81807128274269
110.988829412463 38.79557279941542
110.9875477267213 38.77682359199235
110.9819207844298 38.76579545893156
110.9709281388621 38.74748969298923
110.9650516199258 38.73271186586285
110.9489617158444 38.7108783737182
110.9428397311075 38.69235093613827
110.941825030031 38.67735137519863
110.9360181103478 38.66255188340125
110.9249357069432 38.64044454151463
110.919626600331 38.63314928747825
110.8984004754111 38.60396464607425
110.892181813101 38.5816272745891
110.886879949323 38.57432983180561
110.8804380995818 38.54822742474088
110.8696138456176 38.5298679754495
110.8592490909801 38.51903012091771
110.8383032116147 38.49359023704716
110.8277227234328 38.47898762190434
110.8072493827286 38.46106726934188
110.7913968213483 38.43915888179959
110.776224720121 38.42853761340265
110.7610581525007 38.41791458266961
110.745452064733 38.39976422356439
110.7349031248632 38.3851537397725
110.7035383142201 38.34506082449928
110.6980959544002 38.33396208018967
110.6874159368898 38.31553788963181
110.6765017232227 38.29335712649659
110.6607841079259 38.27138584683961
110.6494535321847 38.24165788113893
110.6435772978173 38.22302120824648
110.6376985808153 38.20438538519909
110.6313921901544 38.17820582680767
110.6205033096319 38.15600543419809
110.6196462751142 38.14091941090206
110.6139907826994 38.12604464661649
110.6127073563227 38.10340991560557
110.6118518992551 38.08831798091457
110.6057733685611 38.0658896590546
110.6049194702784 38.05079335203039
110.6038521236817 38.0319198174284
110.6021454515738 38.00171684529139
110.6062979080567 37.99017363773795
110.6196061004578 37.97064454955973
110.6192136201748 37.96306011012772
110.6274653186526 37.93603771054274
110.6405068668844 37.90878265399182
110.6399342320864 37.89737927512699
110.6535453036925 37.88151263479114
110.6575720325377 37.86608032306133
110.6663893527145 37.85042239404306
110.6654323274629 37.83139758139448
110.6786547789434 37.80789363592054
110.6780797832516 37.79647125051504
110.6817195593764 37.77339790654013
110.695128719874 37.75367761313117
110.7035546032111 37.73036167663764
110.702786020745 37.71511247208987
110.7094823866735 37.69559922839275
110.7350531153186 37.67074541103094
110.7345891937295 37.66361158902232
110.7398387103214 37.65148262870828
110.7420755351342 37.63947369838154
110.7473020337394 37.62734961319821
110.7499965796587 37.62247476598522
110.7521102829571 37.60808393019153
110.7515193016588 37.59856859236869
110.75107613223 37.59143171015332
110.7501901163617 37.57715756624581
110.7493043909085 37.56288253022312
110.7487139827353 37.55336521154237
110.7481237947203 37.54384755546331
110.7473861076357 37.53194984420392
110.7466486973204 37.52005177189058
110.7430576016598 37.51065302477531
110.7393141394078 37.49887628928028
110.7378390966862 37.47507760787171
110.7371019388456 37.46317750630368
110.7302070499453 37.44914326203344
110.726176702847 37.43260269111445
110.7225888778933 37.42320242152946
110.7124122837937 37.40452427920273
110.7091181767111 37.3998855107311
110.6956558213988 37.37656692260359
110.6856368168187 37.36026750893657
110.6721888143301 37.33694637599066
110.6651886805395 37.32051381406615
110.6523389244592 37.3067079426595
110.6489130671468 37.2996818729177
110.6393516001045 37.29051769473786
110.6260852223807 37.26955950621169
110.6226609926312 37.26253444532767
110.6190918781557 37.25312915470502
110.615523709963 37.24372375701127
110.6022593653097 37.22277515130537
110.5924229759261 37.20884935391502
110.5858674141699 37.1995651913541
110.5730455663696 37.1857607739037
110.5664947834948 37.17647592348517
110.5598118974048 37.16479637914949
110.5468752378317 37.14858304617061
110.5345066606036 37.1418994446766
110.5278309047856 37.13021647699612
110.5119304353906 37.11409481707559
110.5021423852872 37.10012608436163
110.4984659823732 37.08830780441968
110.491690207242 37.07416950831777
110.48179691606 37.05774538509462
110.478544300569 37.05306800726274
110.4655350566047 37.03435331517207
110.4618799107539 37.02248292674816
110.45862817635 37.01780184999918
110.4582251508748 37.01060983474927
110.4514536542031 36.9964489885555
110.4448170955829 36.98468285954267
110.4412977659332 36.97520010289574
110.4380469981107 36.9705145095492
110.4310056109036 36.9515564850289
110.4211120829092 36.93512239276969
110.4171750541486 36.91848960964462
110.4170381542236 36.91609950027191
110.4126905014558 36.89229552075216
110.4114686294081 36.87074074547015
110.4109256700761 36.86115892809158
110.4103827334148 36.85157617889999
110.4099757432513 36.84438865945499
110.4092972666823 36.8324078758402
110.4083477272498 36.8156321424628
110.4075340673548 36.80125061503809
110.4069916918003 36.79166164948364
110.406313791157 36.77967395691213
110.4080661632332 36.75800411578018
110.4075239726136 36.74841071614063
110.4063000650611 36.7268402128761
110.4085895362772 36.71477669301368
110.4076352460438 36.69800797439891
110.4100601556325 36.68833839451003
110.4143628209604 36.65941413070499
110.4194815984072 36.64486489465472
110.4305336838436 36.63014417857259
110.4357842873128 36.61799107728545
110.4458265256787 36.60642454979097
110.4514141412 36.58430130657867
110.4693964791501 36.53977885110224
110.4731764854313 36.48480612048348
110.4716666951602 36.45744445124556
110.4698552477294 36.42460594009437
110.468045116215 36.39176195921129
110.4730246690362 36.35865209326144
110.4712145657567 36.32579727345728
110.4685018923017 36.27650507424161
110.4672957941667 36.25459545671365
110.4660891697111 36.23268458244046
110.457199297367 36.1945989796095
110.4559957189853 36.17268193625081
110.4544919741732 36.14528252519416
110.452989060349 36.11787998064273
110.4511853441287 36.08499175985702
110.4635181045581 36.06254211817427
110.4749396331 36.02364058154085
110.479891538113 35.99047778325867
110.4919032680578 35.96252959455001
110.4971772832184 35.93480326158348
110.50951197604 35.91228664687489
110.5156775697757 35.90102638410819
110.5341669758131 35.86723738877635
110.5398250752595 35.84483987717731
110.5525147088013 35.82769460795099
110.5646423339018 35.79948478238098
110.5629625723565 35.76629927879239
110.5674837385241 35.72174391446693
110.5660847449398 35.69406082919149
110.5649589122415 35.67191750492705
110.5562254478363 35.63345212168493
110.5556617740793 35.62237548177536
110.5398961386546 35.57863651675756
110.532578611569 35.56784400182165
110.5241402034108 35.53487503107098
110.5159856344506 35.5074395455271
110.5005242809611 35.46918924077404
110.4909820686228 35.41397506824371
110.4760944451923 35.38679161483928
110.4679574160389 35.35930808684093
110.4676791337339 35.3537519695421
110.4516921142695 35.30431335954293
110.4295304459561 35.26626303441576
110.4214088963289 35.23874004772237
110.4065538542379 35.21149932456806
110.3849757780975 35.18452626320864
110.3636960133125 35.16307160706129
110.3496942199015 35.15248208372952
110.3138704194686 35.10931594878874
110.2931529160744 35.09899162781316
110.2659901051301 35.09449838076955
110.2452807284428 35.08416482719181
110.2108639186601 35.06879021273885
110.183714829429 35.06427830635655
110.1565693232177 35.0597603009389
110.1087403407879 35.04487956391455
110.0818714835563 35.04591438963525
110.0482879515015 35.04720015336029
110.0211594364233 35.04265295720375
109.9875816246881 35.04392185950394
109.9472920338312 35.04543230328047
109.9064884749179 35.03579166958943
109.8729220235042 35.03702975915095
109.8460710506552 35.03801303948239
109.8192215261137 35.03899013269388
109.7923787851901 35.03992533545678
109.752121910562 35.04126109330819
109.7118650588932 35.0425825009117
109.6716115763324 35.0438458434955
109.6447783113448 35.04463495345605
109.6112342936929 35.04561338763268
109.5709767495626 35.04679973091596
109.5441357619306 35.04768580688312
109.5307151872695 35.04812636115962
109.4835039263142 35.04404908834922
109.4700853200592 35.04448313543789
109.4293464649765 35.03455807434396
109.422637978634 35.03477246515194
109.3821474050532 35.03044105044366
109.3481275290897 35.02027594888771
109.3141124454158 35.01009992055754
109.2865683784087 34.99409384196785
109.2523235420502 34.97828343752961
109.2451411879799 34.96725850742791
109.2111429918277 34.95704780508758
109.1977351384894 34.95745337737137
109.150336978488 34.9476291619032
109.1094125475017 34.93196929375691
109.0821341657233 34.92152035137528
109.0481585305222 34.9112587462752
109.0141878323659 34.90098702248505
108.9730399357222 34.87957405813173
108.939028000128 34.86904613624993
108.8978408909396 34.84739046123911
108.8705376698282 34.83669296439233
108.8499441866886 34.82584852103927
108.8360614946659 34.81486016016441
108.7877050366977 34.7820056693885
108.7536912113987 34.77139929829668
108.7333282143819 34.76615756392304
108.6887182811967 34.75265802569924
108.6506710420096 34.73415286051801
108.6177039093325 34.72713682491774
108.5752349867627 34.71632647493282
108.5469220340455 34.70911015093353
108.5280916385116 34.70558908090995
108.5043074797642 34.69434842560966
108.489872043519 34.6829239966051
108.4801118671027 34.6714078061795
108.451790852388 34.66413435875644
108.4329547293603 34.66058053725381
108.4138455748957 34.64922431327272
108.3950088130635 34.64566321667412
108.3809826787984 34.64591526320349
108.3479816873549 34.63869604242324
108.31965565901 34.63138509361546
108.2914625665671 34.62796839146964
108.281840691121 34.62032354534353
108.2631261125778 34.62062508928832
108.2395981424977 34.6170950414115
108.2302398465817 34.61724282626862
108.2020296718574 34.61377855657086
108.183177059554 34.61016343386081
108.1643233807059 34.60654496418229
108.1409211858477 34.60689861452875
108.1268786989052 34.60710878277044
108.1175166217568 34.60724807441931
108.0941099276187 34.60759281029306
108.0705899267317 34.60406537437548
108.0425578995846 34.60457801499962
108.0191984190407 34.60500019521515
108.0005111257855 34.60533454599167
107.9586047271435 34.60999673348924
107.9399178474361 34.61032177222448
107.9165143232594 34.61065181027215
107.8977611713571 34.61086787835908
107.8791457791008 34.61500188463847
107.8650780714059 34.61516006690132
107.8463196905005 34.61536834748884
107.8228684449936 34.6156248919575
107.7994142294976 34.61587681752616
107.7760957931487 34.62004607907107
107.7668509044565 34.62406545275809
107.7388218868427 34.62825864851238
107.7109051059887 34.63633872616524
107.6827119283108 34.63657986258875
107.659347985376 34.64069276857981
107.6408154632846 34.64867992012461
107.6221455051339 34.65274813066673
107.5989047353267 34.6607665294849
107.5803628064074 34.6687444599318
107.5476204571677 34.67672689256415
107.5288817193278 34.68072231350995
107.5101394917187 34.68471503259624
107.4913928687684 34.68870599545262
107.4633320317553 34.69664595375351
107.4492983311974 34.70061374741262
107.4259481489591 34.70852952451962
107.4073164440927 34.71642555370944
107.3790941263273 34.72043319331087
107.3555904273825 34.72442169406973
107.3369432464465 34.73230926446384
107.3182915714536 34.74019435472793
107.2949041778462 34.74808948189688
107.2762433958245 34.75596901633399
107.2574649088441 34.75995156791676
107.2482655424571 34.76780671626053
107.2248908572365 34.77571787858138
107.1969506210865 34.78758699710205
107.1781996328274 34.79539511436273
107.1641823463582 34.80319334519707
107.140687050879 34.81100873557479
107.1266668067484 34.81880903305294
107.1077983647857 34.82272435861032
107.0890261352706 34.83052740599983
107.0656034569989 34.84222392768667
107.0514652216965 34.84612784615626
107.0184318282611 34.85393583249217
107.0042844287341 34.85783586077301
106.9807314375781 34.86563006739227
106.9526140660026 34.88120407323148
106.9385880721132 34.88901580005387
106.9199185198071 34.90072853099981
106.8919551460612 34.92023875539589
106.8781238512195 34.9358321657909
106.8689933730088 34.94756238883689
106.845790372496 34.95941863408716
106.8365894874894 34.9672722739322
106.8087812458252 34.98304329809942
106.7995778562602 34.99089134498992
106.7766669315809 35.01439381291556
106.7580547593636 35.02230022722431
106.7395179817126 35.03790945337946
106.730254266834 35.0495472058936
106.7163187106347 35.06506661052119
106.6928253839123 35.07673353435
106.6788785441376 35.09224785510165
106.6601143140248 35.10389930254694
106.6509016922496 35.11940041982734
106.6321954213823 35.13491775388357
106.6182963003477 35.15429365033523
106.609078256487 35.16979399879092
106.6044692813848 35.17754306791156
106.5857509486456 35.19305507906773
106.5765940693499 35.21241929145488
106.5626145971884 35.22791867511503
106.5533147421973 35.23954028694413
106.5393278009805 35.2550359975472
106.5300893195966 35.27052284266431
106.5301561665805 35.2743910964905
106.5175307622948 35.3284529837408
106.493874619391 35.38909089523649
106.4692113812786 35.40922826824167
106.4701881137864 35.44970648437589
106.4708406703986 35.47668458770747
106.4797214014741 35.4969458266528
106.4802116525509 35.51717079735419
106.4644013672648 35.5575504842958
106.4648714213306 35.57776064321171
106.4490013232757 35.61810890189344
106.4497483889232 35.65176363356529
106.4503462328667 35.67868102212928
106.4427008506392 35.71229905579936
106.4350494602589 35.74591067565229
106.4354961305442 35.76608577051145
106.4278383790875 35.79968576279715
106.4201767128206 35.83327838084168
106.4122137786214 35.85342325781884
106.4125473785751 35.8735518417197
106.4047938488041 35.92046201123802
106.3968460082262 35.95396066416097
106.3973108497053 35.98747143458495
106.3976838639134 36.01427670798501
106.3979638411064 36.0343783211145
106.3901733531008 36.08126204751072
106.3902478868447 36.09463446043161
106.3819666876325 36.13472634766352
106.373640302386 36.16813452059119
106.3653056681636 36.20154505323342
106.3655170338944 36.24166861840194
106.3571703510938 36.2750844473683
106.3488833831802 36.32187751985447
106.3320829170424 36.37534585712262
106.3236728504794 36.40208351294076
106.3237681598933 36.42214949500897
106.3239280253105 36.45559154441641
106.3240550063514 36.48234576487696
106.3241829846075 36.50909926427516
106.3243110116859 36.5358521767478
106.3243739977353 36.54922888520434
106.3246529586182 36.60273805092712
106.3248696346244 36.64286848030431
106.324978758449 36.66293348987966
106.3253052098547 36.72312558554887
106.3254867225036 36.7565649918943
106.325704388186 36.79669044514412
106.3258865062806 36.83012715352646
106.3260685253443 36.86356350617122
106.326178505722 36.88362454853748
106.334994084669 36.92373366218965
106.3352174220512 36.96385132567171
106.3354404958633 37.00396746750254
106.3355152345119 37.01733895938035
106.3357764711936 37.06413870073447
106.3274203390519 37.11095657321081
106.327529153685 37.13769835728944
106.3190500442853 37.17114911270026
106.3019700501104 37.2113128968469
106.3021415656036 37.2581166912039
106.2934313356507 37.29158714418389
106.2932819162501 37.32503777834044
106.2932223372915 37.33841902737387
106.2930430788329 37.37856697113582
106.2929313646941 37.39864281983902
106.2926750165238 37.43880501107611
106.2925044670938 37.46558465740804
106.2923332998671 37.49236565374697
106.2921619183473 37.51915094203915
106.2919050301079 37.5593329871222
106.2917763006359 37.57942757486929
106.291647644765 37.5995226732473
106.2913474297745 37.64641801411246
106.2998293919157 37.67987120093837
106.2995762758621 37.72007725787546
106.2994075835835 37.7468855695888
106.2991543989768 37.7871022835224
106.2989436035771 37.82062121200122
106.3074092636815 37.86079030005524
106.3072022715304 37.89431735161687
106.3158054342698 37.91437251590612
106.3155210868618 37.96131829330002
106.3152483545055 37.98817264152024
106.3151668807861 37.99488974568011
106.3681005397388 38.15557570162219
106.3668448108596 38.215079382628
106.385684148403 38.25945779525131
106.4240357905104 38.31844493028957
106.4423453305954 38.39258511087943
106.4808126715573 38.45154848203511
106.4995028685696 38.51080381311204
106.4986522405861 38.55548148465125
106.5372561889989 38.61442545783001
106.5356063230256 38.70382254739622
106.5538745365393 38.79291387798933
106.5923963709509 38.86675360111707
106.6309991711317 38.94057698612855
106.6699219674085 38.9994683690057
106.708905221936 39.05834145675597
106.7679329643981 39.11677909249831
106.7670540232327 39.17644845705775
106.8062085184332 39.23527086099688
106.8253965118311 39.29451993146663
106.8446100838123 39.35376709693312
106.8427985505512 39.42873304855922
106.8611466068937 39.48839133370451
106.8790789867726 39.56312607831396
106.8965287421101 39.65297759591281
106.9144476496458 39.72782236455186
106.9524376298636 39.80225526733742
106.9512313718924 39.84745852055138
106.96928183869 39.92238104403716
106.9672868073735 39.99779779542733
106.965688943456 40.05816419463808
106.9644863399505 40.10345788526609
106.9620766177439 40.19409558585038
106.9612712154837 40.22432250688561
