> Sichuan Basin (Huang Hui)
105.583000 32.100600
105.750000 32.112900
105.819000 32.083300
105.859000 31.916700
105.917000 31.858600
106.083000 31.774500
106.250000 31.795500
106.417000 31.847100
106.500000 31.916700
106.583000 31.942600
106.750000 32.072400
106.917000 32.053600
107.083000 31.993800
107.250000 31.941100
107.417000 31.951500
107.583000 31.936500
107.750000 31.938600
107.833000 31.916700
107.778000 31.750000
107.750000 31.722300
107.583000 31.666700
107.417000 31.666700
107.333000 31.583300
107.417000 31.541700
107.583000 31.541700
107.708000 31.416700
107.750000 31.333300
107.792000 31.250000
107.917000 31.180400
108.083000 31.133800
108.250000 31.208300
108.292000 31.250000
108.417000 31.312500
108.542000 31.250000
108.583000 31.166700
108.611000 31.083300
108.750000 30.973600
108.859000 30.916700
108.750000 30.808800
108.652000 30.750000
108.583000 30.733400
108.417000 30.698400
108.289000 30.583300
108.250000 30.521100
108.167000 30.416700
108.083000 30.364800
107.921000 30.250000
108.025000 30.083300
108.083000 29.948700
108.250000 29.927000
108.250000 29.888900
108.083000 29.902800
107.917000 29.881000
107.750000 29.833500
107.583000 29.766600
107.556000 29.750000
107.417000 29.611700
107.374000 29.583300
107.250000 29.333000
107.083000 29.318500
107.039000 29.250000
107.000000 29.083300
106.917000 29.014000
106.819000 28.916700
106.750000 28.791700
106.612000 28.750000
106.583000 28.661100
106.417000 28.605200
106.250000 28.635200
106.083000 28.666700
106.042000 28.583300
105.917000 28.458300
105.833000 28.416700
105.750000 28.333300
105.667000 28.250000
105.750000 28.074500
105.583000 28.073700
105.417000 28.074100
105.375000 28.083300
105.250000 28.208300
105.208000 28.250000
105.083000 28.333300
104.917000 28.309900
104.791000 28.250000
104.833000 28.083300
104.750000 28.069500
104.583000 28.047700
104.417000 28.069500
104.375000 28.083300
104.375000 28.250000
104.417000 28.333300
104.500000 28.416700
104.417000 28.431500
104.250000 28.486000
104.083000 28.566700
104.062000 28.583300
104.083000 28.625000
104.166000 28.750000
104.083000 28.799900
103.917000 28.888900
103.900000 28.916700
103.750000 29.010400
103.633000 29.083300
103.598000 29.250000
103.583000 29.268100
103.494000 29.416700
103.419000 29.583300
103.417000 29.590300
103.319000 29.750000
103.250000 29.846000
103.210000 29.916700
103.083000 30.055200
103.064000 30.083300
103.083000 30.181200
103.104000 30.250000
103.238000 30.416700
103.250000 30.444300
103.330000 30.583300
103.417000 30.724000
103.443000 30.750000
103.583000 30.911200
103.589000 30.916700
103.750000 31.066100
103.766000 31.083300
103.875000 31.250000
103.917000 31.277900
104.073000 31.416700
104.083000 31.430500
104.214000 31.583300
104.250000 31.633600
104.417000 31.720200
104.474000 31.750000
104.583000 31.804600
104.750000 31.829500
104.917000 31.903400
104.935000 31.916700
105.083000 32.026200
105.250000 32.041700
105.417000 32.058100
105.540000 32.083300
105.583000 32.100600
>
