>Tarim_Basin
89.085695 39.887265
89.931018 40.115461
90.361141 40.382883
91.482217 40.824271
91.816333 41.004828
91.803089 41.096434
90.698095 41.349321
90.013244 41.476622
89.156336 41.510889
88.453648 41.549839
88.126236 41.557147
87.689958 41.635370
85.818735 42.046784
83.864582 42.188048
81.419892 42.055776
80.039119 41.810781
78.769036 41.346173
76.789890 40.353916
75.095886 39.880044
74.879274 39.863804
74.733873 39.838788
74.283851 39.608487
74.757754 39.478891
75.674840 39.006321
76.138565 38.487134
76.677423 37.584828
77.175539 37.173059
77.614944 36.981227
78.661683 36.828034
79.169046 36.654949
79.998619 36.625993
80.418079 36.595398
80.808694 36.578823
81.432953 36.725295
84.900021 38.291804
86.966031 39.095600
88.293900 39.590881
88.756808 39.683562
89.085695 39.887265
