>Tibet_NB
72.172734 38.626962
72.607942 38.736781
73.345583 38.749793
73.789778 38.616718
74.299111 38.476732
74.790633 38.169601
76.978744 36.455847
77.491967 36.265964
79.614744 35.875587
80.012495 35.873203
80.397975 35.800635
81.386375 35.724103
82.137946 35.778692
83.186022 36.023928
83.437606 36.163565
83.886948 36.353656
85.644707 37.107356
87.557992 37.525339
88.841699 37.353341
89.993222 36.874538
90.738578 36.508160
92.020640 36.061290
92.899615 35.919243
94.128327 35.850207
94.777506 35.888085
95.364522 35.860849
97.489841 35.684170
98.593434 35.481397
99.350628 35.497860
99.386569 35.669301
99.062388 36.265405
98.729593 36.635724
98.033052 37.130221
97.808318 37.301839
98.458818 37.141816
99.443242 36.949310
99.978316 36.743528
100.507824 36.476951
102.392341 35.400603
102.726142 35.304815
103.227000 35.084773
104.650655 34.697182
104.985445 34.638763
105.586854 34.580755
107.300469 34.386792
