>Yangzi Craton and South China Craton Boundaries
119.800419 34.508317
119.198763 33.931902
118.657467 33.418759
117.871864 32.528366
117.649497 32.041966
117.405726 31.605804
117.032121 31.178470
116.495340 30.590900
116.000240 30.189433
115.652001 30.026090
115.306219 30.037689
115.168445 30.092973
114.015637 30.802113
112.402499 32.029467
111.667085 32.164663
110.216354 31.937236
109.962887 31.857524
109.357721 31.752062
108.920289 31.873940
108.366366 32.304291
108.208234 33.073381
107.934272 33.188679
106.737089 33.132075
105.751174 32.754717
104.017467 31.641839
102.337004 29.987618
102.083237 29.497325
101.935016 28.710201
101.554972 28.142848
101.301273 28.007384
100.777855 27.997609
100.372569 27.485811
100.134823 26.734365
100.182882 25.950906
100.993795 24.710279
101.533819 24.158154
102.489404 23.452370
102.844562 22.932019
103.695831 22.022732
104.138341 21.577649
104.907924 21.067925
105.343576 20.842390
105.622999 20.889997
105.642958 21.017285
105.443370 21.351032
104.907924 21.907754
104.215299 22.419452
103.868987 22.848743
103.503435 23.204513
103.326249 23.400799
103.315832 23.583103
103.561100 23.918021
105.004276 24.904178
105.796492 25.161873
106.320950 25.447873
107.066520 25.540678
107.410967 25.288025
108.049864 25.008886
108.600985 25.031857
108.873217 25.343233
109.107676 26.086567
109.562141 26.974012
109.948821 27.432276
110.502501 28.126432
111.008422 28.371993
111.349804 28.366774
111.810660 28.203270
112.188139 27.745816
112.164623 26.997962
112.411983 26.849440
112.788066 27.066637
113.553968 27.799869
114.652597 28.397326
115.161507 28.465538
115.432989 28.394723
115.630889 27.845766
116.166601 27.817452
118.823430 28.929459
118.955237 28.960613
121.135448 29.888375
