76.981711 35.515690
77.083410 35.430049
77.163698 35.317645
77.238634 35.248062
77.302864 35.162421
77.399210 35.082133
77.468794 34.985787
77.575845 34.878736
77.784594 34.686044
77.955876 34.514763
78.100395 34.364891
78.303792 34.172199
78.410843 34.059796
78.603535 33.888514
78.828342 33.690470
78.999623 33.529893
79.213725 33.310438
79.368949 33.149862
79.529526 32.946465
79.663340 32.764478
79.839974 32.507556
79.995198 32.293453
80.112954 32.143582
80.198595 32.047236
80.300293 31.897365
80.418050 31.758198
80.535806 31.619032
80.691030 31.442398
80.851606 31.271116
81.103176 31.078424
81.258400 30.971373
81.542085 30.880380
81.836476 30.762624
82.061283 30.693040
82.291443 30.612752
82.548365 30.511054
82.805288 30.404003
83.078268 30.280894
83.265607 30.200606
83.388716 30.141728
83.549292 30.061439
83.720574 29.965093
83.822273 29.911568
84.004259 29.809869
84.180894 29.740286
84.336118 29.659998
84.593040 29.552947
84.807142 29.478011
85.048007 29.408428
85.267462 29.338845
85.460153 29.290672
85.615377 29.269262
85.856242 29.237146
86.070344 29.237146
86.268389 29.231794
86.450376 29.231794
86.701945 29.226441
86.921400 29.221089
87.087329 29.221089
87.371014 29.221089
87.611879 29.221089
87.868802 29.221089
88.034731 29.242499
88.248833 29.242499
88.559281 29.274614
88.719858 29.274614
88.923255 29.296024
89.110594 29.296024
89.287228 29.328140
89.522740 29.338845
89.779663 29.349550
89.993765 29.360255
90.186457 29.365608
90.341681 29.376313
90.603956 29.360255
90.871583 29.344197
91.182031 29.301377
91.396133 29.269262
91.706581 29.231794
92.000972 29.205031
92.300715 29.183621
92.536227 29.156858
92.830617 29.130095
93.119655 29.087275
93.408693 29.055160
93.660263 29.049807
93.852955 29.039102
94.120582 29.060512
94.291864 29.156858
94.473851 29.285319
94.634427 29.429838
94.768241 29.574357
94.912760 29.724229
95.062632 29.820575
95.196445 29.884805
95.330259 29.906215
95.415900 29.900863
95.469425 29.799164
95.474778 29.692113
95.448015 29.563652
95.405195 29.440543
95.351669 29.322787
95.308849 29.221089
95.276734 29.114038
95.271381 28.990929
95.319554 28.878525
95.431958 28.787532
95.533656 28.723301
95.678175 28.659071
95.844104 28.621603
96.010033 28.568077
96.202725 28.509199
96.438237 28.439616
96.641634 28.353975
96.786153 28.257629
96.952082 28.188046
97.096601 28.016765
97.214357 27.845483
97.305351 27.679554
97.332114 27.492214
97.358876 27.304875
97.390992 27.096126
97.385639 26.940902
97.348171 26.769620
97.278588 26.609043
97.214357 26.448467
97.123364 26.266480
97.032371 26.084493
96.941377 25.934622
96.839679 25.752635
96.770096 25.608116
96.673750 25.436835
96.582756 25.233438
96.513173 24.997925
96.443590 24.848054
96.395417 24.703535
96.309776 24.484080
96.261603 24.269978
96.229488 24.050524
