5562115.  4454.49 11146.63  6266.96  57822.5    355.0 11146.63  6266.96  1.00000
5571587.  4448.08 11130.18  6260.25  57822.5    355.0 11130.18  6260.25  1.00000
5581058.  4441.63 11113.67  6253.51  57822.5    355.0 11113.67  6253.51  1.00000
5590529.  4435.13 11097.11  6246.75  57822.5    355.0 11097.11  6246.75  1.00000
5600000.  4428.60 11080.51  6239.95  57822.5    355.0 11080.51  6239.95  1.00000
5600000.1  4428.59 11080.51  6239.95  57822.5    355.0 11080.51  6239.95  1.00000
5607562.  4423.32 11063.01  6219.68  57822.5    355.0 11063.01  6219.68  1.00000
5615125.  4418.01 11045.22  6200.29  57822.5    355.0 11045.22  6200.29  1.00000
5622688.  4412.67 11026.82  6181.16  57822.5    355.0 11026.82  6181.16  1.00000
5630250.  4407.30 11008.47  6162.04  57822.5    355.0 11008.47  6162.04  1.00000
5637812.  4401.90 10989.04  6143.01  57822.5    355.0 10989.04  6143.01  1.00000
5645375.  4396.45 10969.63  6123.98  57822.5    355.0 10969.63  6123.98  1.00000
5652938.  4390.96 10948.76  6103.71  57822.5    355.0 10948.76  6103.71  1.00000
5660500.  4385.40 10928.02  6083.53  57822.5    355.0 10928.02  6083.53  1.00000
5668062.  4379.81 10907.42  6063.45  57822.5    355.0 10907.42  6063.45  1.00000
5675625.  4374.16 10886.94  6043.44  57822.5    355.0 10886.94  6043.44  1.00000
5683188.  4368.47 10866.60  6023.52  57822.5    355.0 10866.60  6023.52  1.00000
5690750.  4362.72 10846.41  6003.73  57822.5    355.0 10846.41  6003.73  1.00000
5698312.  4356.92 10826.35  5984.03  57822.5    355.0 10826.35  5984.03  1.00000
5705875.  4351.08 10806.42  5964.38  57822.5    355.0 10806.42  5964.38  1.00000
5713438.  4345.18 10786.61  5944.81  57822.5    355.0 10786.61  5944.81  1.00000
5721000.  4339.24 10766.90  5925.27  57822.5    355.0 10766.90  5925.27  1.00000
5721000.1  4047.01 10278.88  5550.32    943.0    165.0 10278.88  5550.32  1.00000
5724572.  4042.50 10261.87  5541.20    943.0    165.0 10261.87  5541.20  1.00000
5728143.  4037.98 10244.84  5532.08    943.0    165.0 10244.84  5532.08  1.00000
5731714.  4033.48 10227.82  5522.96    943.0    165.0 10227.82  5522.96  1.00000
5735286.  4028.95 10210.80  5513.83    943.0    165.0 10210.80  5513.83  1.00000
5738857.  4024.45 10193.78  5504.71    943.0    165.0 10193.78  5504.71  1.00000
5742428.  4019.93 10176.77  5495.59    943.0    165.0 10176.77  5495.59  1.00000
5746000.  4015.42 10159.74  5486.47    943.0    165.0 10159.74  5486.47  1.00000
5749572.  4010.90 10142.72  5477.35    943.0    165.0 10142.72  5477.35  1.00000
5753143.  4006.38 10125.71  5468.22    943.0    165.0 10125.71  5468.22  1.00000
5756714.  4001.87 10108.70  5459.10    943.0    165.0 10108.70  5459.10  1.00000
5760286.  3997.35 10091.68  5449.97    943.0    165.0 10091.68  5449.97  1.00000
5763857.  3992.84 10074.68  5440.84    943.0    165.0 10074.68  5440.84  1.00000
5767428.  3988.32 10057.68  5431.71    943.0    165.0 10057.68  5431.71  1.00000
5771000.  3983.80 10040.64  5422.57    943.0    165.0 10040.64  5422.57  1.00000
5771000.1  3983.80 10040.67  5422.59    943.0    165.0 10040.67  5422.59  1.00000
5777334.  3975.79 10010.52  5406.39    943.0    165.0 10010.52  5406.39  1.00000
5783666.  3967.77  9980.51  5390.30    943.0    165.0  9980.51  5390.30  1.00000
5790000.  3959.76  9950.64  5374.34    943.0    165.0  9950.64  5374.34  1.00000
5796334.  3951.75  9920.91  5358.52    943.0    165.0  9920.91  5358.52  1.00000
5802666.  3943.73  9891.35  5342.83    943.0    165.0  9891.35  5342.83  1.00000
5809000.  3935.71  9861.96  5327.31    943.0    165.0  9861.96  5327.31  1.00000
5815334.  3927.69  9832.79  5311.92    943.0    165.0  9832.79  5311.92  1.00000
5821666.  3919.67  9803.79  5296.73    943.0    165.0  9803.79  5296.73  1.00000
5828000.  3911.65  9774.98  5281.71    943.0    165.0  9774.98  5281.71  1.00000
5834334.  3903.61  9746.41  5266.86    943.0    165.0  9746.41  5266.86  1.00000
5840666.  3895.58  9718.08  5252.21    943.0    165.0  9718.08  5252.21  1.00000
5847000.  3887.56  9689.96  5237.78    943.0    165.0  9689.96  5237.78  1.00000
5853334.  3879.53  9662.10  5223.55    943.0    165.0  9662.10  5223.55  1.00000
5859666.  3871.50  9634.47  5209.54    943.0    165.0  9634.47  5209.54  1.00000
5866000.  3863.46  9607.11  5195.72    943.0    165.0  9607.11  5195.72  1.00000
5872334.  3855.42  9579.97  5182.10    943.0    165.0  9579.97  5182.10  1.00000
5878666.  3847.38  9553.08  5168.69    943.0    165.0  9553.08  5168.69  1.00000
5885000.  3839.33  9526.38  5155.42    943.0    165.0  9526.38  5155.42  1.00000
5891334.  3831.27  9499.78  5142.22    943.0    165.0  9499.78  5142.22  1.00000
5897666.  3823.22  9473.25  5129.05    943.0    165.0  9473.25  5129.05  1.00000
5904000.  3815.16  9446.74  5115.84    943.0    165.0  9446.74  5115.84  1.00000
5910334.  3807.09  9420.19  5102.55    943.0    165.0  9420.19  5102.55  1.00000
5916666.  3799.01  9393.55  5089.14    943.0    165.0  9393.55  5089.14  1.00000
5923000.  3790.94  9366.75  5075.50    943.0    165.0  9366.75  5075.50  1.00000
5929334.  3782.85  9339.76  5061.63    943.0    165.0  9339.76  5061.63  1.00000
5935666.  3774.78  9312.50  5047.46    943.0    165.0  9312.50  5047.46  1.00000
5942000.  3766.66  9284.96  5032.93    943.0    165.0  9284.96  5032.93  1.00000
5948334.  3758.56  9257.04  5018.03    943.0    165.0  9257.04  5018.03  1.00000
5954666.  3750.45  9228.73  5002.66    943.0    165.0  9228.73  5002.66  1.00000
5961000.  3742.34  9199.94  4986.77    943.0    165.0  9199.94  4986.77  1.00000
5961000.1  3554.91  8940.94  4802.15    943.0    165.0  8940.94  4803.78  1.00000
5967334.  3551.00  8930.61  4798.23    943.0    165.0  8930.61  4800.54  1.00000
5973666.  3547.07  8920.22  4794.28    943.0    165.0  8920.22  4797.28  1.00000
5980000.  3543.16  8909.68  4790.38    943.0    165.0  8909.68  4793.96  1.00000
5986334.  3539.23  8898.47  4785.95    943.0    165.0  8898.47  4790.18  0.99999
5992666.  3535.32  8886.28  4780.83    943.0    165.0  8886.28  4785.78  0.99997
5999000.  3531.39  8873.03  4775.01    943.0    165.0  8873.03  4780.71  0.99995
6005334.  3527.46  8858.58  4768.45    943.0    165.0  8858.58  4775.00  0.99994
6011666.  3523.57  8842.82  4761.12    943.0    165.0  8842.82  4768.58  0.99990
6018000.  3519.67  8825.64  4752.97    943.0    165.0  8825.64  4761.41  0.99986
6024334.  3515.77  8806.94  4744.01    943.0    165.0  8806.94  4753.51  0.99980
6030666.  3511.91  8786.67  4734.25    943.0    165.0  8786.67  4744.86  0.99974
6037000.  3508.06  8764.85  4723.77    943.0    165.0  8764.85  4735.64  0.99966
6043334.  3504.21  8741.49  4712.70    943.0    165.0  8741.49  4725.88  0.99957
6049666.  3500.39  8716.63  4701.12    943.0    165.0  8716.63  4715.76  0.99947
6056000.  3496.58  8690.30  4689.11    943.0    165.0  8690.30  4705.34  0.99934
6062334.  3492.80  8662.50  4676.77    943.0    165.0  8662.50  4694.74  0.99920
6068666.  3489.05  8633.28  4664.20    943.0    165.0  8633.28  4684.08  0.99904
6075000.  3485.32  8602.66  4651.49    943.0    165.0  8602.66  4673.46  0.99886
6081334.  3481.61  8570.81  4638.69    943.0    165.0  8570.81  4662.94  0.99864
6087666.  3477.88  8538.06  4625.88    943.0    165.0  8538.06  4652.61  0.99832
6094000.  3474.16  8504.66  4613.07    943.0    165.0  8504.66  4642.55  0.99790
6100334.  3470.41  8470.92  4600.31    943.0    165.0  8470.92  4632.81  0.99732
6106666.  3466.59  8437.13  4587.67    943.0    165.0  8437.13  4623.51  0.99654
6113000.  3462.74  8403.52  4575.18    943.0    165.0  8403.52  4614.68  0.99553
6119334.  3458.78  8370.42  4562.88    943.0    165.0  8370.42  4606.39  0.99426
6125666.  3454.75  8338.11  4550.85    943.0    165.0  8338.11  4598.73  0.99268
6132000.  3450.61  8306.25  4539.08    943.0    165.0  8307.42  4591.76  0.99075
6138334.  3446.33  8275.42  4527.67    943.0    165.0  8278.36  4585.56  0.98843
6144666.  3441.91  8241.77  4516.65    943.0    165.0  8255.33  4580.21  0.98571
6151000.  3437.35  8207.37  4506.09    943.0    165.0  8236.90  4575.75  0.98255
6151000.1  3437.34  8207.01  4506.00    943.0     70.0  8236.81  4575.74  0.98250
6157087.  3432.81  8174.32  4496.29    943.0     70.0  8222.27  4572.27  0.97907
6163174.  3428.15  8141.99  4487.00    943.0     70.0  8210.47  4569.53  0.97531
6169261.  3423.37  8110.40  4478.17    943.0     70.0  8201.14  4567.46  0.97128
6175348.  3418.47  8079.71  4469.83    943.0     70.0  8193.99  4566.02  0.96704
6181435.  3413.47  8050.15  4462.00    943.0     70.0  8188.67  4565.10  0.96268
6187522.  3408.35  8021.89  4454.69    943.0     70.0  8184.92  4564.66  0.95823
6193609.  3403.15  7995.08  4447.94    943.0     70.0  8182.39  4564.65  0.95378
6199696.  3397.87  7969.97  4441.76    943.0     70.0  8180.79  4564.99  0.94938
6205783.  3392.50  7946.70  4436.18    943.0     70.0  8179.83  4565.62  0.94509
6211870.  3387.07  7925.45  4431.20    943.0     70.0  8179.17  4566.47  0.94098
6217957.  3381.58  7906.44  4426.83    943.0     70.0  8178.54  4567.46  0.93712
6224043.  3376.03  7889.80  4423.12    943.0     70.0  8177.64  4568.58  0.93356
6230130.  3370.45  7875.56  4420.09    943.0     70.0  8176.30  4569.70  0.93034
6236217.  3364.87  7863.64  4417.81    943.0     70.0  8174.55  4570.85  0.92743
6242304.  3359.31  7853.87  4416.30    943.0     70.0  8172.42  4571.91  0.92483
6248391.  3353.79  7846.17  4415.67    943.0     70.0  8169.91  4572.83  0.92251
6254478.  3348.37  7840.38  4415.93    943.0     70.0  8167.05  4573.60  0.92046
6260565.  3343.03  7836.39  4417.15    943.0     70.0  8163.88  4574.16  0.91867
6266652.  3337.85  7834.11  4419.42    943.0     70.0  8160.37  4574.44  0.91711
6272739.  3332.83  7833.38  4422.78    943.0     70.0  8156.58  4574.42  0.91577
6278826.  3328.01  7834.11  4427.25    943.0     70.0  8152.57  4574.04  0.91465
6284913.  3323.39  7836.11  4432.88    943.0     70.0  8148.41  4573.36  0.91371
6291000.  3319.04  7839.12  4439.57    943.0     70.0  8144.20  4572.41  0.91296
6291000.1  3319.03  7839.37  4439.74    943.0    191.0  8144.32  4572.46  0.91294
6294971.  3316.33  7841.82  4444.71    943.0    191.0  8141.60  4571.71  0.91254
6298943.  3313.75  7844.77  4450.28    943.0    191.0  8139.01  4570.93  0.91221
6302914.  3311.30  7848.07  4456.35    943.0    191.0  8136.50  4570.06  0.91193
6306886.  3308.97  7851.72  4462.89    943.0    191.0  8134.11  4569.16  0.91171
6310857.  3306.73  7855.75  4469.94    943.0    191.0  8131.82  4568.21  0.91155
6314829.  3304.58  7860.14  4477.40    943.0    191.0  8129.66  4567.22  0.91142
6318800.  3302.53  7864.89  4485.33    943.0    191.0  8127.60  4566.21  0.91134
6322771.  3300.55  7870.01  4493.69    943.0    191.0  8125.65  4565.16  0.91130
6326743.  3298.63  7875.49  4502.48    943.0    191.0  8123.87  4564.11  0.91129
6330714.  3296.79  7881.33  4511.66    943.0    191.0  8122.23  4563.05  0.91130
6334686.  3295.00  7887.54  4521.24    943.0    191.0  8120.74  4562.00  0.91135
6338657.  3293.25  7894.13  4531.23    943.0    191.0  8119.38  4560.94  0.91140
6342629.  3291.54  7901.10  4541.57    943.0    191.0  8118.22  4559.94  0.91147
6346600.  3289.84  7908.24  4552.08    943.0    191.0  8117.13  4558.94  0.91155
6346600.1  2900.00  6800.00  3900.00  57822.5    300.0  6800.00  3900.00  1.00000
6347540.  2900.00  6800.00  3900.00  57822.5    300.0  6800.00  3900.00  1.00000
6348480.  2900.00  6800.00  3900.00  57822.5    300.0  6800.00  3900.00  1.00000
6349420.  2900.00  6800.00  3900.00  57822.5    300.0  6800.00  3900.00  1.00000
6350360.  2900.00  6800.00  3900.00  57822.5    300.0  6800.00  3900.00  1.00000
6351300.  2900.00  6800.00  3900.00  57822.5    300.0  6800.00  3900.00  1.00000
6352240.  2900.00  6800.00  3900.00  57822.5    300.0  6800.00  3900.00  1.00000
6353180.  2900.00  6800.00  3900.00  57822.5    300.0  6800.00  3900.00  1.00000
6354120.  2900.00  6800.00  3900.00  57822.5    300.0  6800.00  3900.00  1.00000
6355060.  2900.00  6800.00  3900.00  57822.5    300.0  6800.00  3900.00  1.00000
6356000.  2900.00  6800.00  3900.00  57822.5    300.0  6800.00  3900.00  1.00000
6356000.1  2600.00  5800.00  3200.00  57822.5    300.0  5800.00  3200.00  1.00000
6357200.  2600.00  5800.00  3200.00  57822.5    300.0  5800.00  3200.00  1.00000
6358400.  2600.00  5800.00  3200.00  57822.5    300.0  5800.00  3200.00  1.00000
6359600.  2600.00  5800.00  3200.00  57822.5    300.0  5800.00  3200.00  1.00000
6360800.  2600.00  5800.00  3200.00  57822.5    300.0  5800.00  3200.00  1.00000
6362000.  2600.00  5800.00  3200.00  57822.5    300.0  5800.00  3200.00  1.00000
6363200.  2600.00  5800.00  3200.00  57822.5    300.0  5800.00  3200.00  1.00000
6364400.  2600.00  5800.00  3200.00  57822.5    300.0  5800.00  3200.00  1.00000
6365600.  2600.00  5800.00  3200.00  57822.5    300.0  5800.00  3200.00  1.00000
6366800.  2600.00  5800.00  3200.00  57822.5    300.0  5800.00  3200.00  1.00000
6368000.  2600.00  5800.00  3200.00  57822.5    300.0  5800.00  3200.00  1.00000
6368000.1  1020.00  1450.00     0.00  57822.5      0.0  1450.00     0.00  1.00000
6368300.  1020.00  1450.00     0.00  57822.5      0.0  1450.00     0.00  1.00000
6368600.  1020.00  1450.00     0.00  57822.5      0.0  1450.00     0.00  1.00000
6368900.  1020.00  1450.00     0.00  57822.5      0.0  1450.00     0.00  1.00000
6369200.  1020.00  1450.00     0.00  57822.5      0.0  1450.00     0.00  1.00000
6369500.  1020.00  1450.00     0.00  57822.5      0.0  1450.00     0.00  1.00000
6369800.  1020.00  1450.00     0.00  57822.5      0.0  1450.00     0.00  1.00000
6370100.  1020.00  1450.00     0.00  57822.5      0.0  1450.00     0.00  1.00000
6370400.  1020.00  1450.00     0.00  57822.5      0.0  1450.00     0.00  1.00000
6370700.  1020.00  1450.00     0.00  57822.5      0.0  1450.00     0.00  1.00000
6371000.  1020.00  1450.00     0.00  57822.5      0.0  1450.00     0.00  1.00000