index eid year month day hr min sec msec evla evlo evdp
1 200901191729A 2009 1 19 17 28 58 780 7.69 127.06 24.17
2 200903051549A 2009 3 5 15 49 55 30 15.48 96.09 12.0
3 200903111258A 2009 3 11 12 58 47 80 10.85 91.95 15.0
4 200903130907A 2009 3 13 9 7 5 840 43.37 133.91 444.54
5 200904171452A 2009 4 17 14 52 1 850 46.06 151.97 50.14
6 200904200722A 2009 4 20 7 22 40 990 27.09 129.91 12.0
7 200904210526A 2009 4 21 5 26 15 70 50.64 155.59 151.84
8 200904230211A 2009 4 23 2 11 47 260 55.83 161.53 147.48
9 200905011257A 2009 5 1 12 57 10 790 26.21 140.36 414.74
10 200906222310A 2009 6 22 23 10 6 170 12.11 95.12 12.0
11 200907040041A 2009 7 4 0 41 50 450 13.8 120.61 132.3
12 200907100049A 2009 7 10 0 49 13 580 47.78 148.39 387.66
13 200907100902A 2009 7 10 9 2 3 980 25.54 101.1 14.86
14 200907111519A 2009 7 11 15 19 34 860 10.0 122.06 19.3
15 200907160629A 2009 7 16 6 29 5 660 42.39 133.24 485.47
16 200907262149A 2009 7 26 21 49 25 680 10.76 94.46 12.0
17 200908031418A 2009 8 3 14 18 30 840 19.0 145.54 230.54
18 200908091055A 2009 8 9 10 55 58 790 33.05 138.19 301.77
19 200908221318A 2009 8 22 13 18 37 230 46.33 150.21 162.79
20 200908240526A 2009 8 24 5 26 17 390 41.05 140.18 170.82
21 200908262220A 2009 8 26 22 20 52 860 9.4 124.07 572.58
22 200910232000B 2009 10 23 20 0 8 410 54.63 162.44 34.18
23 200910291700A 2009 10 29 17 0 40 230 27.2 91.62 15.06
24 200912240023A 2009 12 24 0 23 36 420 42.12 134.93 390.36
25 201003061723A 2010 3 6 17 23 16 600 14.63 144.12 12.0
26 201003150935A 2010 3 15 9 35 25 800 28.73 128.25 12.0
27 201004272022A 2010 4 27 20 22 30 460 30.51 101.63 25.37
28 201007232208A 2010 7 23 22 8 20 280 6.54 123.59 596.75
29 201007232251A 2010 7 23 22 51 20 700 6.62 123.9 576.92
30 201007232315A 2010 7 23 23 15 15 710 6.83 123.48 641.44
31 201007250818A 2010 7 25 8 18 29 630 6.86 123.56 608.48
32 201007251257A 2010 7 25 12 57 4 140 49.61 155.01 136.31
33 201007262306A 2010 7 26 23 6 51 310 6.76 123.27 634.57
34 201007290731A 2010 7 29 7 32 0 680 6.69 123.41 614.02
35 201007302043A 2010 7 30 20 43 7 850 27.71 139.56 504.16
36 201008071604A 2010 8 7 16 4 7 490 29.48 128.32 236.0
37 201008130133A 2010 8 13 1 33 56 600 48.13 148.66 394.13
38 201008182333A 2010 8 18 23 33 14 790 31.99 138.02 367.39
39 201008242048A 2010 8 24 20 48 7 790 7.1 123.73 608.73
40 201008261508B 2010 8 26 15 8 6 900 36.19 136.87 281.32
41 201008312116A 2010 8 31 21 16 3 990 13.58 144.97 135.01
42 201010050826A 2010 10 5 8 26 29 460 6.91 123.68 605.73
43 201010141358A 2010 10 14 13 58 58 200 42.14 143.15 62.45
44 201010301906A 2010 10 30 19 6 19 320 34.33 141.43 16.12
45 201011021810A 2010 11 2 18 10 15 320 46.82 146.87 362.35
46 201011051640A 2010 11 5 16 40 39 800 12.92 122.97 16.16
47 201011101030A 2010 11 10 10 30 19 520 15.17 119.59 22.33
48 201012181402A 2010 12 18 14 2 23 530 18.58 146.83 43.74
49 201012250555A 2010 12 25 5 55 27 590 25.45 141.17 12.0
50 201012251141A 2010 12 25 11 41 7 970 26.97 143.78 12.0
51 201101291238A 2011 1 29 12 39 0 10 21.71 142.85 319.07
52 201102220210A 2011 2 22 2 10 23 460 14.16 120.53 138.16
53 201102221409A 2011 2 22 14 9 51 950 22.23 143.98 106.27
54 201102232214A 2011 2 23 22 14 5 960 31.46 140.45 90.51
55 201103121146A 2011 3 12 11 46 0 770 35.83 141.86 12.0
56 201103140652A 2011 3 14 6 52 25 90 36.93 141.11 49.91
57 201103161712A 2011 3 16 17 12 36 540 56.68 121.57 16.16
58 201103221549A 2011 3 22 15 49 29 780 39.17 142.27 37.83
59 201104160111A 2011 4 16 1 11 12 310 25.3 123.98 138.08
60 201104160219A 2011 4 16 2 19 33 700 36.4 140.0 80.59
61 201104160920A 2011 4 16 9 20 27 210 27.88 139.24 517.34
62 201104291312A 2011 4 29 13 12 48 380 21.24 121.92 184.73
63 201105101526A 2011 5 10 15 26 8 780 43.61 130.98 564.45
64 201105142230A 2011 5 14 22 30 31 330 42.95 146.37 36.82
65 201105151214A 2011 5 15 12 14 23 400 37.29 142.67 72.42
66 201105211308A 2011 5 21 13 8 2 570 17.31 121.91 13.02
67 201105221642A 2011 5 22 16 42 23 350 13.67 120.68 127.7
68 201105251002A 2011 5 25 10 2 53 400 49.18 147.52 568.69
69 201106012334A 2011 6 1 23 34 15 200 27.12 140.6 476.64
70 201106222150A 2011 6 22 21 50 57 210 39.99 142.51 41.35
71 201106241723A 2011 6 24 17 23 44 550 6.67 123.4 598.22
72 201107130719A 2011 7 13 7 19 42 900 25.01 123.74 126.82
73 201107151800A 2011 7 15 18 0 27 290 27.1 139.97 476.25
74 201107161838A 2011 7 16 18 38 51 710 52.93 108.43 24.0
75 201107181815A 2011 7 18 18 15 26 750 52.76 152.96 499.11
76 201108011458A 2011 8 1 14 58 14 570 34.65 138.39 19.15
77 201109190907A 2011 9 19 9 7 24 540 47.9 147.61 402.62
78 201110010421A 2011 10 1 4 21 50 480 7.46 123.46 608.56
79 201110040137A 2011 10 4 1 37 30 770 26.73 140.35 439.61
80 201110070251A 2011 10 7 2 51 20 490 41.65 142.21 57.41
81 201110210802A 2011 10 21 8 2 39 10 43.83 142.52 191.48
82 201110300323A 2011 10 30 3 23 47 90 25.32 122.91 213.1
83 201111080259A 2011 11 8 2 59 11 980 27.13 125.77 230.6
84 201111211016A 2011 11 21 10 16 31 180 34.86 132.8 16.97
85 201111241025A 2011 11 24 10 25 37 610 41.79 142.94 43.46
86 201111281506A 2011 11 28 15 6 49 900 25.09 97.67 17.62
87 201112091942A 2011 12 9 19 42 59 140 46.93 144.6 389.99
88 201112120928A 2011 12 12 9 28 42 310 50.7 142.97 16.4
89 201112301707A 2011 12 30 17 7 24 910 30.87 138.44 414.27
90 201201010527A 2012 1 1 5 28 1 430 31.61 138.17 351.95
91 201201241034A 2012 1 24 10 34 19 420 8.56 126.26 201.54
92 201201262204A 2012 1 26 22 4 6 140 21.67 142.62 303.11
93 201201290006A 2012 1 29 0 6 52 540 5.89 124.57 384.71
94 201202061010A 2012 2 6 10 10 21 590 9.9 123.13 12.0
95 201202071330A 2012 2 7 13 30 5 750 45.53 142.18 317.84
96 201202250112A 2012 2 25 1 12 2 520 19.14 146.07 119.21
97 201202260234A 2012 2 26 2 35 1 580 22.69 120.7 25.0
98 201202260617A 2012 2 26 6 17 24 340 51.69 96.0 20.46
99 201202261159A 2012 2 26 11 59 5 840 51.74 96.03 17.61
100 201202281507A 2012 2 28 15 7 37 540 28.23 139.31 504.11
101 201203121232A 2012 3 12 12 32 49 630 45.09 147.87 124.94
102 201203161837A 2012 3 16 18 37 56 840 37.88 133.48 438.77
103 201204180537A 2012 4 18 5 37 57 540 28.75 138.66 493.94
104 201205031019A 2012 5 3 10 19 37 260 40.66 98.58 17.47
105 201205112034A 2012 5 11 20 34 27 510 30.75 138.47 402.9
106 201205262000A 2012 5 26 20 0 28 500 27.02 140.19 485.23
107 201206092100A 2012 6 9 21 0 19 310 24.48 122.2 80.99
108 201206240759A 2012 6 24 7 59 35 540 27.72 100.75 12.47
109 201207090720A 2012 7 9 7 20 57 760 49.12 147.25 556.01
110 201207091925A 2012 7 9 19 25 7 970 29.23 130.31 34.36
111 201207141955A 2012 7 14 19 55 19 100 25.4 94.45 41.07
112 201207290920A 2012 7 29 9 20 55 230 47.29 138.9 506.93
113 201208080711A 2012 8 8 7 11 2 100 25.77 125.06 140.6
114 201208140259A 2012 8 14 2 59 50 900 49.97 145.7 598.2
115 201209030214A 2012 9 3 2 14 44 100 10.35 126.63 15.62
116 201209070319A 2012 9 7 3 19 44 290 27.47 104.12 12.0
117 201209220937A 2012 9 22 9 37 2 430 45.99 141.78 328.48
118 201210140941A 2012 10 14 9 42 2 290 48.27 154.81 46.12
119 201210230853A 2012 10 23 8 53 40 490 29.07 139.19 443.04
120 201211020152A 2012 11 2 1 52 8 760 55.74 163.56 22.68
121 201211111054A 2012 11 11 10 54 42 530 22.6 96.05 12.0
122 201211121115A 2012 11 12 11 15 11 470 29.79 137.91 506.0
123 201211260533A 2012 11 26 5 33 51 80 40.62 90.54 23.44
124 201212081426A 2012 12 8 14 26 57 960 25.81 122.2 305.69
125 201212221641A 2012 12 22 16 41 46 910 22.29 94.8 142.17
126 201212251708A 2012 12 25 17 8 17 640 31.98 137.62 377.48
127 201301090141A 2013 1 9 1 41 54 680 25.09 94.95 105.9
128 201301181242A 2013 1 18 12 42 52 450 30.95 99.55 21.19
129 201301221329A 2013 1 22 13 29 25 620 44.45 140.83 248.28
130 201301240735A 2013 1 24 7 35 37 300 49.8 87.75 19.62
131 201302021417A 2013 2 2 14 17 42 760 42.85 143.24 105.35
132 201302250723A 2013 2 25 7 23 57 600 36.89 139.39 12.83
133 201303042056A 2013 3 4 20 56 36 790 50.61 157.71 44.29
134 201303270125A 2013 3 27 1 25 49 320 45.42 142.65 288.4
135 201303290501A 2013 3 29 5 1 11 530 43.52 86.96 38.55
136 201304051300A 2013 4 5 13 0 4 960 42.77 131.02 571.87
137 201304060029A 2013 4 6 0 29 57 640 42.82 131.05 575.15
138 201304122033A 2013 4 12 20 33 20 720 34.43 134.69 18.43
139 201304170643A 2013 4 17 6 43 3 380 24.8 123.09 12.0
140 201304171203A 2013 4 17 12 3 34 690 38.51 141.7 55.9
141 201304200002A 2013 4 20 0 2 53 70 30.22 103.12 21.87
142 201304210322A 2013 4 21 3 22 18 620 30.02 138.88 429.84
143 201304240621A 2013 4 24 6 21 20 220 32.4 139.18 220.61
144 201305061314A 2013 5 6 13 14 37 590 37.52 143.74 17.59
145 201305122305A 2013 5 12 23 5 27 390 22.01 143.95 156.13
146 201305140032A 2013 5 14 0 32 29 550 18.67 145.35 604.72
147 201305192351A 2013 5 19 23 51 33 20 52.15 160.45 28.46
148 201305240544A 2013 5 24 5 45 8 350 54.61 153.77 610.95
149 201305241456A 2013 5 24 14 56 34 880 52.36 151.48 642.37
150 201306041101A 2013 6 4 11 2 2 40 45.38 151.36 29.99
151 201306182302A 2013 6 18 23 2 9 300 54.28 86.0 12.0
152 201307212345A 2013 7 21 23 45 58 650 34.6 104.31 17.15
153 201307281136A 2013 7 28 11 36 2 710 31.08 137.84 463.95
154 201308041556A 2013 8 4 15 56 36 880 46.97 145.22 378.01
155 201308112123B 2013 8 11 21 23 43 120 30.02 97.95 12.56
156 201308112358A 2013 8 11 23 58 49 290 30.02 97.94 21.22
157 201308182234A 2013 8 18 22 34 29 930 6.49 124.68 377.58
158 201308272044A 2013 8 27 20 44 54 640 28.14 99.5 12.29
159 201308312352A 2013 8 31 23 52 8 890 47.86 148.12 389.29
160 201309020251A 2013 9 2 2 51 16 120 42.19 133.65 454.68
161 201309040018A 2013 9 4 0 18 28 130 30.02 138.79 412.03
162 201309061133A 2013 9 6 11 33 56 70 20.24 122.31 187.68
163 201309192137A 2013 9 19 21 37 3 360 37.73 101.65 19.54
164 201309221930A 2013 9 22 19 30 38 310 12.08 143.66 12.2
165 201310010338A 2013 10 1 3 38 24 870 53.2 152.81 585.52
166 201310061638A 2013 10 6 16 38 13 260 12.14 141.72 115.64
167 201310150842A 2013 10 15 8 42 51 950 9.82 123.79 12.19
168 201310292017A 2013 10 29 20 17 52 340 43.2 130.86 560.32
169 201310310303A 2013 10 31 3 3 36 240 44.75 124.02 12.0
170 201311030702A 2013 11 3 7 2 8 910 35.55 88.13 26.49
171 201311181910A 2013 11 18 19 10 48 130 34.35 136.86 339.93
172 201311191700A 2013 11 19 17 0 47 340 18.54 145.18 515.23
173 201311201009A 2013 11 20 10 9 20 550 12.24 95.2 12.0
174 201311222204A 2013 11 22 22 4 25 990 44.65 124.06 12.0
175 201311232330A 2013 11 23 23 30 46 30 36.75 86.8 17.1
176 201311271745A 2013 11 27 17 45 50 540 42.13 141.52 98.94
177 201312100127A 2013 12 10 1 27 35 130 23.09 143.06 93.65
178 201312111614A 2013 12 11 16 14 40 190 33.96 89.3 15.68
179 201312181254A 2013 12 18 12 54 40 780 30.27 138.48 434.87
180 201312281931A 2013 12 28 19 31 29 0 20.8 146.96 14.11
181 201501081842A 2015 1 8 18 42 13 320 43.69 145.05 116.13
182 201501141209A 2015 1 14 12 9 37 570 48.94 141.97 591.38
183 201501180641A 2015 1 18 6 41 31 780 56.21 113.75 17.05
184 201501210651A 2015 1 21 6 51 15 730 17.95 146.86 78.47
185 201501251041A 2015 1 25 10 41 15 560 29.25 139.25 420.75
186 201501311229A 2015 1 31 12 29 34 800 15.26 147.34 12.0
187 201502021513A 2015 2 2 15 13 43 940 14.11 124.65 22.84
188 201502121433A 2015 2 12 14 33 10 290 23.97 93.93 96.45
189 201502191632A 2015 2 19 16 32 51 300 52.85 159.29 97.08
190 201502260111A 2015 2 26 1 11 26 580 38.41 142.0 35.89
191 201503011024A 2015 3 1 10 24 43 30 23.49 99.04 18.3
192 201503120750A 2015 3 12 7 50 4 520 12.97 145.62 18.11
193 201504150739A 2015 4 15 7 39 29 230 39.74 106.39 25.6
194 201505021650A 2015 5 2 16 50 49 720 31.47 139.94 12.0
195 201505250637A 2015 5 25 6 37 42 870 41.9 135.18 393.36
196 201505301123A 2015 5 30 11 23 11 40 27.94 140.56 680.7
197 201506080601A 2015 6 8 6 1 14 540 41.49 142.24 54.03
198 201506100833A 2015 6 10 8 33 14 430 39.66 143.64 22.02
199 201506180828A 2015 6 18 8 28 57 870 21.73 143.02 285.94
200 201506231218A 2015 6 23 12 18 33 410 27.68 139.85 458.51
201 201507030643A 2015 7 3 6 43 24 370 10.08 126.25 43.83
202 201507152216A 2015 7 15 22 16 20 90 18.89 145.11 515.97
203 201508021308A 2015 8 2 13 8 49 560 8.34 123.94 619.79
204 201510160638A 2015 10 16 6 38 28 490 55.67 159.37 283.88
205 201510200929A 2015 10 20 9 29 10 870 27.16 140.19 317.73
206 201511111818A 2015 11 11 18 18 56 20 48.33 149.11 390.95
207 201511131221A 2015 11 13 12 21 40 920 17.26 147.47 15.65
208 201511241321A 2015 11 24 13 21 38 40 18.82 145.26 582.48
209 201512171244A 2015 12 17 12 44 3 140 17.72 120.56 79.89
210 201512200928A 2015 12 20 9 28 51 720 12.93 124.38 111.77
211 201601020422A 2016 1 2 4 22 21 210 44.83 129.75 587.42
212 201601041436A 2016 1 4 14 36 17 150 19.23 120.86 31.31
213 201601201713A 2016 1 20 17 13 14 610 37.67 101.68 14.31
214 201601270124A 2016 1 27 1 24 34 40 8.37 137.54 13.65
215 201601300008A 2016 1 30 0 8 52 230 6.32 145.53 21.0
216 201601300325A 2016 1 30 3 25 19 780 53.86 158.73 168.07
217 201602141809A 2016 2 14 18 9 27 800 30.43 138.67 421.51
218 201604121124A 2016 4 12 11 24 54 710 11.19 140.66 17.27
219 201604181142A 2016 4 18 11 42 1 970 33.0 131.12 13.24
220 201605030000A 2016 5 3 0 0 53 740 43.66 147.65 74.13
221 201605070542A 2016 5 7 5 42 14 620 31.14 129.05 12.0
222 201605110115A 2016 5 11 1 15 49 680 31.87 95.12 17.1
223 201605242220A 2016 5 24 22 20 18 670 18.56 145.21 524.45
224 201606280932A 2016 6 28 9 32 34 240 55.24 159.63 13.27
225 201607230100A 2016 7 23 1 0 23 430 47.68 146.91 423.22
226 201607251511A 2016 7 25 15 11 57 450 26.49 128.71 24.21
227 201608041624A 2016 8 4 16 24 38 190 24.98 141.91 522.7
228 201608060908A 2016 8 6 9 8 23 520 6.12 125.27 94.35
229 201608100406A 2016 8 10 4 6 58 500 5.59 125.74 137.15
230 201608141115A 2016 8 14 11 15 17 170 50.45 142.3 12.47
231 201608201610A 2016 8 20 16 10 39 500 40.38 143.82 20.62
232 201608220933A 2016 8 22 9 33 9 750 29.95 138.89 408.84
233 201608241034A 2016 8 24 10 34 58 300 20.79 94.58 88.32
234 201608251704A 2016 8 25 17 4 45 640 30.69 137.78 473.24
235 201609031226A 2016 9 3 12 26 46 220 31.78 137.96 343.38
236 201609121132A 2016 9 12 11 32 56 980 35.79 129.12 20.06
237 201611230959A 2016 11 23 10 0 1 180 27.36 140.02 491.11
238 201611240035A 2016 11 24 0 35 11 740 31.8 137.99 350.94
239 201611250726A 2016 11 25 7 26 24 850 54.35 160.95 99.93
240 201612042134A 2016 12 4 21 34 25 610 32.27 92.27 24.0
241 201612192044A 2016 12 19 20 44 43 180 10.17 125.89 71.71
242 201612201351A 2016 12 20 13 51 17 950 16.25 119.47 14.08
243 201612211643A 2016 12 21 16 44 1 600 21.55 145.6 12.0
244 201701030909A 2017 1 3 9 9 4 0 23.98 92.03 24.47
245 201701121704A 2017 1 12 17 4 59 520 41.76 132.96 495.64
246 201702162144A 2017 2 16 21 44 5 330 18.41 145.23 355.43
247 201702190919A 2017 2 19 9 19 33 650 35.64 140.74 45.26
248 201703050008A 2017 3 5 0 8 22 530 9.84 125.48 20.33
249 201703130849A 2017 3 13 8 49 7 740 14.32 145.31 107.62
250 201703272231A 2017 3 27 22 31 25 200 42.07 138.38 12.0
251 201704041507A 2017 4 4 15 7 31 430 47.28 85.08 32.64
252 201704111555A 2017 4 11 15 55 53 740 5.65 127.73 28.22
253 201704201520A 2017 4 20 15 20 45 960 49.15 156.49 27.15
254 201705200106A 2017 5 20 1 6 16 420 9.33 124.02 544.58
255 201705221100A 2017 5 22 11 0 59 300 43.88 147.85 54.97
256 201706150311A 2017 6 15 3 11 9 360 19.87 122.5 188.99
257 201707060803A 2017 7 6 8 4 0 640 11.15 124.68 12.0
258 201707121948A 2017 7 12 19 48 9 370 40.89 131.56 556.35
259 201708021818A 2017 8 2 18 18 11 570 24.34 93.76 42.26
260 201708050739A 2017 8 5 7 39 19 590 7.88 125.05 19.52
261 201708080549A 2017 8 8 5 49 35 250 26.47 126.84 17.67
262 201708100043A 2017 8 10 0 43 19 760 9.45 123.97 518.23
263 201709071726A 2017 9 7 17 26 51 720 27.79 139.75 459.75
264 201709291925A 2017 9 29 19 25 2 950 53.11 160.22 56.92
265 201711090742A 2017 11 9 7 42 15 960 32.45 141.52 18.72
266 201711281738A 2017 11 28 17 38 2 910 18.47 145.76 189.74
267 201712091514A 2017 12 9 15 14 27 980 10.03 140.17 12.0
268 201712182328A 2017 12 18 23 28 29 780 30.78 131.76 12.0
269 201712210156A 2017 12 21 1 56 54 900 29.17 142.67 12.9
270 201712310348A 2017 12 31 3 48 59 540 29.65 129.39 177.43
271 201712311453A 2017 12 31 14 53 32 600 5.47 124.89 25.19
272 201801032130A 2018 1 3 21 30 23 820 29.66 140.3 12.0
273 201801181208A 2018 1 18 12 8 56 230 52.62 153.01 470.55
274 201802052056A 2018 2 5 20 56 23 720 26.93 140.22 471.58
275 201802061915A 2018 2 6 19 15 32 290 23.94 121.83 18.39
276 201802112314A 2018 2 11 23 14 20 130 13.66 146.65 18.22
277 201802120052A 2018 2 12 0 52 36 70 6.11 133.59 17.03
278 201802130239A 2018 2 13 2 39 52 480 12.34 93.15 73.68
279 201803181800A 2018 3 18 18 0 14 790 45.41 150.23 102.08
280 201804120756A 2018 4 12 7 56 54 660 43.7 139.52 225.99
281 201804132146A 2018 4 13 21 46 56 80 46.48 151.19 111.1
282 201804240408A 2018 4 24 4 8 36 820 22.84 94.7 120.62
283 201805101802A 2018 5 10 18 2 29 780 6.95 123.7 543.08
284 201806172258A 2018 6 17 22 58 36 710 34.83 135.47 17.3
